object={
	name="steppe_bush_01_generator_0"
	render_pass=Map
	clamp_to_water_level=no
	generated_content=yes
	layer="grass_layer"
	pdxmesh="steppe_bush_01_mesh"
	count=633
	transform="3320.241943 0.000000 2291.807373 0.000000 0.013825 0.000000 0.999904 0.243454 0.243454 0.243454
3309.245117 0.000000 2291.908447 0.000000 0.988585 0.000000 0.150666 0.475740 0.475740 0.475740
3324.152832 0.000000 2300.173828 0.000000 0.982175 0.000000 0.187968 0.469197 0.469197 0.469197
3313.963623 0.000000 2299.845703 0.000000 0.986564 0.000000 -0.163375 0.528065 0.528065 0.528065
3314.777344 0.000000 2294.018555 0.000000 0.623096 0.000000 0.782145 0.339686 0.339686 0.339686
3325.769043 0.000000 2290.539307 0.000000 0.956946 0.000000 0.290267 0.451841 0.451841 0.451841
3308.548340 0.000000 2297.674805 0.000000 0.349383 0.000000 0.936980 0.294682 0.294682 0.294682
3319.255859 0.000000 2297.203613 0.000000 0.256299 0.000000 0.966597 0.268330 0.268330 0.268330
3326.960449 0.000000 2295.522949 0.000000 0.428493 0.000000 -0.903545 0.701347 0.701347 0.701347
3322.786133 0.000000 2295.014404 0.000000 0.071358 0.000000 0.997451 0.232356 0.232356 0.232356
3311.233398 0.000000 2294.989502 0.000000 0.801520 0.000000 0.597968 0.385586 0.385586 0.385586
3312.876953 0.000000 2291.009766 0.000000 0.881374 0.000000 -0.472419 0.581380 0.581380 0.581380
3317.971680 0.000000 2294.228271 0.000000 0.132789 0.000000 -0.991144 0.756619 0.756619 0.756619
3315.968994 0.000000 2297.268799 0.000000 0.541389 0.000000 0.840773 0.324221 0.324221 0.324221
3326.556152 0.000000 2302.108154 0.000000 0.930615 0.000000 -0.365999 0.563612 0.563612 0.563612
3311.481445 0.000000 2298.078369 0.000000 0.276894 0.000000 0.960900 0.279352 0.279352 0.279352
3322.156250 0.000000 2297.881348 0.000000 0.765444 0.000000 -0.643502 0.623476 0.623476 0.623476
3308.228760 0.000000 2294.721191 0.000000 0.954773 0.000000 0.297337 0.448559 0.448559 0.448559
3324.824707 0.000000 2297.242188 0.000000 0.354503 0.000000 -0.935055 0.715706 0.715706 0.715706
3324.480225 0.000000 2292.915283 0.000000 0.999755 0.000000 0.022130 0.496201 0.496201 0.496201
3319.591553 0.000000 2299.754150 0.000000 0.990238 0.000000 -0.139386 0.523653 0.523653 0.523653
3313.426758 0.000000 2296.392578 0.000000 0.994256 0.000000 0.107031 0.480992 0.480992 0.480992
3323.399658 0.000000 2302.618652 0.000000 0.984511 0.000000 0.175323 0.470192 0.470192 0.470192
3320.462402 0.000000 2294.313477 0.000000 0.277073 0.000000 -0.960849 0.730278 0.730278 0.730278
3327.233643 0.000000 2297.971680 0.000000 0.949770 0.000000 0.312950 0.443183 0.443183 0.443183
3316.312744 0.000000 2299.534668 0.000000 0.757109 0.000000 0.653289 0.379585 0.379585 0.379585
3326.708740 0.000000 2293.283936 0.000000 0.069795 0.000000 0.997561 0.243318 0.243318 0.243318
3311.295654 0.000000 2292.684326 0.000000 0.077637 0.000000 0.996982 0.243731 0.243731 0.243731
3322.359619 0.000000 2292.373779 0.000000 0.744122 0.000000 0.668043 0.373521 0.373521 0.373521
3326.272949 0.000000 2299.932373 0.000000 0.209781 0.000000 -0.977748 0.732484 0.732484 0.732484
3324.996582 0.000000 2294.981934 0.000000 0.012667 0.000000 -0.999920 0.778131 0.778131 0.778131
3321.198486 0.000000 2296.186035 0.000000 0.083222 0.000000 -0.996531 0.762734 0.762734 0.762734
3310.192139 0.000000 2296.623291 0.000000 0.848451 0.000000 -0.529274 0.598515 0.598515 0.598515
3312.856934 0.000000 2293.952881 0.000000 0.794045 0.000000 -0.607859 0.612957 0.612957 0.612957
3317.603271 0.000000 2296.131592 0.000000 0.003153 0.000000 0.999995 0.223106 0.223106 0.223106
3315.923828 0.000000 2295.435303 0.000000 0.999526 0.000000 -0.030795 0.505498 0.505498 0.505498
3319.198242 0.000000 2295.483887 0.000000 0.171673 0.000000 -0.985154 0.749595 0.749595 0.749595
3348.560059 0.000000 2298.499512 0.000000 0.493619 0.000000 0.869678 0.317025 0.317025 0.317025
3333.155518 0.000000 2298.009033 0.000000 0.604570 0.000000 -0.796552 0.654150 0.654150 0.654150
3344.034912 0.000000 2284.811279 0.000000 0.161507 0.000000 -0.986872 0.729457 0.729457 0.729457
3336.155029 0.000000 2289.321289 0.000000 0.953220 0.000000 0.302277 0.446143 0.446143 0.446143
3351.264893 0.000000 2289.868652 0.000000 0.460410 0.000000 -0.887706 0.681351 0.681351 0.681351
3328.094971 0.000000 2290.569824 0.000000 0.802067 0.000000 0.597233 0.395337 0.395337 0.395337
3341.021484 0.000000 2295.901123 0.000000 0.466674 0.000000 0.884429 0.323887 0.323887 0.323887
3356.098145 0.000000 2302.426514 0.000000 0.370927 0.000000 -0.928662 0.708100 0.708100 0.708100
3327.696045 0.000000 2300.524658 0.000000 0.307277 0.000000 -0.951620 0.705004 0.705004 0.705004
3345.675293 0.000000 2291.897217 0.000000 0.939296 0.000000 0.343107 0.437484 0.437484 0.437484
3337.955811 0.000000 2301.151123 0.000000 0.188825 0.000000 -0.982011 0.725799 0.725799 0.725799
3361.844971 0.000000 2300.606201 0.000000 0.153378 0.000000 0.988168 0.271855 0.271855 0.271855
3353.298340 0.000000 2295.244873 0.000000 0.735533 0.000000 0.677489 0.373172 0.373172 0.373172
3333.171631 0.000000 2303.390869 0.000000 0.195245 0.000000 0.980754 0.264978 0.264978 0.264978
3332.505371 0.000000 2292.874023 0.000000 0.165667 0.000000 0.986182 0.251070 0.251070 0.251070
3341.577637 0.000000 2289.112549 0.000000 0.576019 0.000000 -0.817436 0.670818 0.670818 0.670818
3328.894043 0.000000 2295.999023 0.000000 0.264444 0.000000 0.964401 0.267380 0.267380 0.267380
3336.854736 0.000000 2294.279785 0.000000 0.914807 0.000000 0.403891 0.428639 0.428639 0.428639
3347.367676 0.000000 2287.791016 0.000000 0.889381 0.000000 -0.457167 0.578828 0.578828 0.578828
3339.652344 0.000000 2285.107178 0.000000 0.730238 0.000000 -0.683192 0.622990 0.622990 0.622990
3352.790039 0.000000 2299.537842 0.000000 0.130966 0.000000 0.991387 0.243053 0.243053 0.243053
3349.364502 0.000000 2293.799316 0.000000 0.633803 0.000000 -0.773495 0.657857 0.657857 0.657857
3344.970459 0.000000 2296.769287 0.000000 0.409611 0.000000 -0.912260 0.687851 0.687851 0.687851
3350.077148 0.000000 2302.160645 0.000000 0.451507 0.000000 -0.892268 0.688516 0.688516 0.688516
3356.304199 0.000000 2298.149902 0.000000 0.799248 0.000000 -0.601002 0.607445 0.607445 0.607445
3340.102295 0.000000 2292.342529 0.000000 0.082567 0.000000 0.996586 0.247366 0.247366 0.247366
3335.176758 0.000000 2286.101562 0.000000 0.960921 0.000000 -0.276822 0.546041 0.546041 0.546041
3359.797363 0.000000 2303.202393 0.000000 0.884914 0.000000 0.465755 0.417146 0.417146 0.417146
3343.052734 0.000000 2293.571777 0.000000 0.882674 0.000000 -0.469986 0.583978 0.583978 0.583978
3358.454346 0.000000 2300.422852 0.000000 0.989805 0.000000 -0.142429 0.523638 0.523638 0.523638
3333.002686 0.000000 2289.746338 0.000000 0.288756 0.000000 0.957403 0.287848 0.287848 0.287848
3344.604980 0.000000 2289.035645 0.000000 0.984878 0.000000 0.173247 0.469027 0.469027 0.469027
3348.382568 0.000000 2290.621094 0.000000 0.425753 0.000000 -0.904840 0.701182 0.701182 0.701182
3338.739746 0.000000 2287.953125 0.000000 0.602996 0.000000 -0.797744 0.657939 0.657939 0.657939
3353.261963 0.000000 2292.144287 0.000000 0.828195 0.000000 -0.560441 0.599511 0.599511 0.599511
3350.715820 0.000000 2296.528320 0.000000 0.889158 0.000000 0.457600 0.415159 0.415159 0.415159
3329.228271 0.000000 2293.172852 0.000000 0.702310 0.000000 -0.711871 0.635964 0.635964 0.635964
3341.293457 0.000000 2302.317139 0.000000 0.991062 0.000000 -0.133404 0.522715 0.522715 0.522715
3334.119873 0.000000 2295.333252 0.000000 0.905974 0.000000 0.423333 0.422791 0.422791 0.422791
3335.134766 0.000000 2292.061523 0.000000 0.934814 0.000000 0.355138 0.435192 0.435192 0.435192
3347.718506 0.000000 2295.918945 0.000000 0.931095 0.000000 0.364776 0.434980 0.434980 0.434980
3329.543945 0.000000 2298.613770 0.000000 0.974789 0.000000 -0.223129 0.538482 0.538482 0.538482
3331.439697 0.000000 2295.335205 0.000000 0.973123 0.000000 -0.230287 0.541479 0.541479 0.541479
3341.882324 0.000000 2286.494873 0.000000 0.010443 0.000000 -0.999945 0.769763 0.769763 0.769763
3353.406006 0.000000 2302.553223 0.000000 0.875420 0.000000 0.483362 0.410576 0.410576 0.410576
3337.850342 0.000000 2291.247314 0.000000 0.776429 0.000000 -0.630205 0.621706 0.621706 0.621706
3343.258301 0.000000 2291.153809 0.000000 0.996101 0.000000 0.088218 0.484232 0.484232 0.484232
3329.350098 0.000000 2302.514404 0.000000 0.557914 0.000000 0.829899 0.333201 0.333201 0.333201
3345.218018 0.000000 2286.762451 0.000000 0.991356 0.000000 0.131202 0.477580 0.477580 0.477580
3354.939209 0.000000 2300.350342 0.000000 0.261884 0.000000 -0.965099 0.731463 0.731463 0.731463
3336.172607 0.000000 2302.551514 0.000000 0.966986 0.000000 -0.254831 0.544226 0.544226 0.544226
3350.570557 0.000000 2299.555664 0.000000 0.982551 0.000000 0.185991 0.466605 0.466605 0.466605
3351.681885 0.000000 2293.747803 0.000000 0.983089 0.000000 -0.183129 0.532185 0.532185 0.532185
3339.619873 0.000000 2290.019531 0.000000 0.060271 0.000000 -0.998182 0.769627 0.769627 0.769627
3350.486084 0.000000 2291.911133 0.000000 0.960529 0.000000 -0.278181 0.548209 0.548209 0.548209
3347.628906 0.000000 2292.601807 0.000000 0.054265 0.000000 0.998527 0.229299 0.229299 0.229299
3327.595459 0.000000 2297.842041 0.000000 0.909315 0.000000 -0.416109 0.576607 0.576607 0.576607
3346.559814 0.000000 2289.820312 0.000000 0.971138 0.000000 0.238520 0.458212 0.458212 0.458212
3351.836670 0.000000 2301.270996 0.000000 0.096365 0.000000 0.995346 0.241437 0.241437 0.241437
3331.223145 0.000000 2297.372803 0.000000 0.694024 0.000000 -0.719952 0.641964 0.641964 0.641964
3341.362793 0.000000 2290.965332 0.000000 0.950408 0.000000 -0.311005 0.555860 0.555860 0.555860
3352.166748 0.000000 2297.756592 0.000000 0.767524 0.000000 0.641020 0.377530 0.377530 0.377530
3334.648926 0.000000 2290.353027 0.000000 0.933104 0.000000 0.359607 0.434568 0.434568 0.434568
3334.672607 0.000000 2293.721924 0.000000 0.984940 0.000000 -0.172896 0.531018 0.531018 0.531018
3327.909912 0.000000 2294.373535 0.000000 0.093245 0.000000 0.995643 0.236277 0.236277 0.236277
3318.655029 0.000000 2304.189697 0.000000 0.572627 0.000000 0.819816 0.338040 0.338040 0.338040
3323.266113 0.000000 2309.814941 0.000000 0.202201 0.000000 -0.979344 0.721862 0.721862 0.721862
3325.249023 0.000000 2304.244141 0.000000 0.574801 0.000000 -0.818293 0.669887 0.669887 0.669887
3319.506592 0.000000 2307.991699 0.000000 0.218496 0.000000 -0.975838 0.720843 0.720843 0.720843
3321.979248 0.000000 2305.405762 0.000000 0.423607 0.000000 0.905846 0.302641 0.302641 0.302641
3325.480957 0.000000 2307.594482 0.000000 0.730289 0.000000 0.683138 0.366226 0.366226 0.366226
3322.024658 0.000000 2307.734619 0.000000 0.921361 0.000000 -0.388709 0.569520 0.569520 0.569520
3323.937500 0.000000 2306.196289 0.000000 0.558030 0.000000 0.829821 0.329560 0.329560 0.329560
3326.887695 0.000000 2305.987793 0.000000 0.277709 0.000000 0.960665 0.271450 0.271450 0.271450
3128.265381 0.000000 2483.760498 0.000000 0.378343 0.000000 0.925665 0.311015 0.311015 0.311015
3123.322021 0.000000 2468.240723 0.000000 0.571094 0.000000 0.820885 0.345538 0.345538 0.345538
3124.298584 0.000000 2477.725586 0.000000 0.996335 0.000000 0.085534 0.485461 0.485461 0.485461
3116.840820 0.000000 2467.795898 0.000000 0.966846 0.000000 -0.255361 0.541581 0.541581 0.541581
3133.792480 0.000000 2482.492432 0.000000 0.761902 0.000000 -0.647692 0.616090 0.616090 0.616090
3134.983887 0.000000 2487.476074 0.000000 0.535348 0.000000 0.844632 0.336143 0.336143 0.336143
3119.867920 0.000000 2479.605225 0.000000 0.982513 0.000000 -0.186196 0.530392 0.530392 0.530392
3123.495850 0.000000 2473.112793 0.000000 0.587204 0.000000 0.809439 0.344588 0.344588 0.344588
3124.134277 0.000000 2481.951904 0.000000 0.594795 0.000000 -0.803878 0.652696 0.652696 0.652696
3125.614258 0.000000 2493.472412 0.000000 0.692059 0.000000 0.721841 0.368628 0.368628 0.368628
3121.053955 0.000000 2475.911865 0.000000 0.417149 0.000000 -0.908838 0.690768 0.690768 0.690768
3122.493652 0.000000 2479.655029 0.000000 0.849502 0.000000 -0.527585 0.594348 0.594348 0.594348
3122.254395 0.000000 2477.611328 0.000000 0.549109 0.000000 -0.835751 0.670453 0.670453 0.670453
3141.178955 0.000000 2489.962158 0.000000 0.407448 0.000000 -0.913229 0.684646 0.684646 0.684646
3145.979248 0.000000 2493.104248 0.000000 0.999257 0.000000 0.038547 0.493671 0.493671 0.493671
3136.917480 0.000000 2487.952148 0.000000 0.926880 0.000000 -0.375358 0.562681 0.562681 0.562681
3144.523193 0.000000 2490.052979 0.000000 0.802331 0.000000 -0.596880 0.606188 0.606188 0.606188
3126.678467 0.000000 2496.142822 0.000000 0.239904 0.000000 0.970797 0.286070 0.286070 0.286070
3114.610352 0.000000 2503.337158 0.000000 0.863699 0.000000 -0.504007 0.589675 0.589675 0.589675
3131.289551 0.000000 2501.768066 0.000000 0.499074 0.000000 -0.866559 0.672071 0.672071 0.672071
3124.509277 0.000000 2502.693848 0.000000 0.884921 0.000000 0.465740 0.419568 0.419568 0.419568
3109.052246 0.000000 2501.134766 0.000000 0.893928 0.000000 -0.448211 0.575710 0.575710 0.575710
3116.258789 0.000000 2508.049072 0.000000 0.801088 0.000000 0.598547 0.393467 0.393467 0.393467
3111.860107 0.000000 2507.425537 0.000000 0.970503 0.000000 0.241088 0.460184 0.460184 0.460184
3117.148926 0.000000 2500.316650 0.000000 0.843416 0.000000 0.537261 0.407605 0.407605 0.407605
3128.132324 0.000000 2503.583984 0.000000 0.208743 0.000000 0.977971 0.269882 0.269882 0.269882
3110.499268 0.000000 2504.250977 0.000000 0.420780 0.000000 0.907163 0.309191 0.309191 0.309191
3112.293701 0.000000 2500.679932 0.000000 0.999966 0.000000 0.008200 0.498613 0.498613 0.498613
3116.760742 0.000000 2505.252197 0.000000 0.976789 0.000000 -0.214205 0.535975 0.535975 0.535975
3114.219482 0.000000 2506.049561 0.000000 0.990624 0.000000 0.136615 0.477077 0.477077 0.477077
3112.288574 0.000000 2502.999756 0.000000 0.842767 0.000000 -0.538278 0.597912 0.597912 0.597912
3145.292725 0.000000 2505.635986 0.000000 0.110596 0.000000 0.993865 0.255792 0.255792 0.255792
3142.405762 0.000000 2500.078125 0.000000 0.276869 0.000000 -0.960908 0.710183 0.710183 0.710183
3147.720703 0.000000 2500.996826 0.000000 0.443123 0.000000 -0.896461 0.679711 0.679711 0.679711
3144.838135 0.000000 2502.290527 0.000000 0.312077 0.000000 -0.950057 0.711222 0.711222 0.711222
3348.560059 0.000000 2362.483887 0.000000 0.676261 0.000000 0.736662 0.364582 0.364582 0.364582
3329.096191 0.000000 2319.293945 0.000000 0.934915 0.000000 -0.354871 0.558417 0.558417 0.558417
3375.872070 0.000000 2325.380859 0.000000 0.838341 0.000000 -0.545146 0.593922 0.593922 0.593922
3384.234131 0.000000 2355.791748 0.000000 0.982322 0.000000 0.187197 0.468267 0.468267 0.468267
3350.567383 0.000000 2334.869385 0.000000 0.367013 0.000000 -0.930216 0.696903 0.696903 0.696903
3355.960938 0.000000 2311.102295 0.000000 0.183590 0.000000 0.983003 0.275925 0.275925 0.275925
3364.798828 0.000000 2349.355225 0.000000 0.557815 0.000000 0.829965 0.325237 0.325237 0.325237
3338.975586 0.000000 2304.224365 0.000000 0.077422 0.000000 -0.996998 0.765626 0.765626 0.765626
3344.660400 0.000000 2320.854980 0.000000 0.982795 0.000000 -0.184700 0.533160 0.533160 0.533160
3370.579102 0.000000 2311.384033 0.000000 0.424784 0.000000 -0.905295 0.702079 0.702079 0.702079
3361.383057 0.000000 2324.349365 0.000000 0.846007 0.000000 -0.533172 0.594063 0.594063 0.594063
3364.941895 0.000000 2336.567871 0.000000 0.845716 0.000000 0.533633 0.402684 0.402684 0.402684
3327.966553 0.000000 2306.730713 0.000000 0.963181 0.000000 0.268853 0.451411 0.451411 0.451411
3354.563477 0.000000 2345.242920 0.000000 0.746152 0.000000 -0.665776 0.630046 0.630046 0.630046
3358.908691 0.000000 2359.371338 0.000000 0.715509 0.000000 -0.698604 0.631787 0.631787 0.631787
3373.237305 0.000000 2355.892822 0.000000 0.984450 0.000000 -0.175664 0.530859 0.530859 0.530859
3363.089844 0.000000 2304.000000 0.000000 0.451114 0.000000 -0.892466 0.681708 0.681708 0.681708
3349.168457 0.000000 2303.791504 0.000000 0.700362 0.000000 -0.713788 0.630480 0.630480 0.630480
3377.955811 0.000000 2363.830078 0.000000 0.254244 0.000000 -0.967140 0.713187 0.713187 0.713187
3352.609131 0.000000 2325.769775 0.000000 0.207285 0.000000 -0.978280 0.749071 0.749071 0.749071
3351.264893 0.000000 2353.853027 0.000000 0.811385 0.000000 0.584513 0.389733 0.389733 0.389733
3373.483154 0.000000 2346.738037 0.000000 0.482320 0.000000 -0.875995 0.690551 0.690551 0.690551
3347.232666 0.000000 2312.461182 0.000000 0.889706 0.000000 -0.456534 0.584628 0.584628 0.584628
3377.352783 0.000000 2316.919189 0.000000 0.186958 0.000000 0.982368 0.265260 0.265260 0.265260
3369.135498 0.000000 2319.849609 0.000000 0.952963 0.000000 0.303088 0.449454 0.449454 0.449454
3343.799805 0.000000 2330.025146 0.000000 0.567123 0.000000 -0.823633 0.664297 0.664297 0.664297
3336.395264 0.000000 2323.765625 0.000000 0.976629 0.000000 0.214931 0.463225 0.463225 0.463225
3358.527588 0.000000 2331.696777 0.000000 0.846530 0.000000 -0.532341 0.595300 0.595300 0.595300
3363.116699 0.000000 2314.582275 0.000000 0.598108 0.000000 0.801416 0.341596 0.341596 0.341596
3356.366455 0.000000 2318.748291 0.000000 0.999929 0.000000 0.011921 0.497946 0.497946 0.497946
3347.219238 0.000000 2341.656738 0.000000 0.958609 0.000000 -0.284725 0.550816 0.550816 0.550816
3380.267334 0.000000 2349.756836 0.000000 0.273202 0.000000 -0.961957 0.707574 0.707574 0.707574
3356.098145 0.000000 2366.410889 0.000000 0.473135 0.000000 0.880990 0.307582 0.307582 0.307582
3358.309814 0.000000 2339.246338 0.000000 0.517853 0.000000 -0.855469 0.675538 0.675538 0.675538
3358.292725 0.000000 2352.104736 0.000000 0.146264 0.000000 0.989246 0.268919 0.268919 0.268919
3367.441162 0.000000 2342.876709 0.000000 0.907101 0.000000 -0.420914 0.577551 0.577551 0.577551
3366.545898 0.000000 2355.825928 0.000000 0.699148 0.000000 0.714977 0.365761 0.365761 0.365761
3343.177246 0.000000 2336.386475 0.000000 0.965146 0.000000 -0.261712 0.543466 0.543466 0.543466
3350.321533 0.000000 2317.757324 0.000000 0.359853 0.000000 0.933009 0.291322 0.291322 0.291322
3357.098389 0.000000 2305.161133 0.000000 0.700591 0.000000 0.713563 0.358166 0.358166 0.358166
3334.382324 0.000000 2308.125000 0.000000 0.082021 0.000000 -0.996631 0.751798 0.751798 0.751798
3378.769531 0.000000 2358.002930 0.000000 0.730130 0.000000 -0.683308 0.627242 0.627242 0.627242
3344.186768 0.000000 2307.192139 0.000000 0.976051 0.000000 -0.217541 0.538597 0.538597 0.538597
3369.028809 0.000000 2305.508789 0.000000 0.762194 0.000000 0.647349 0.383984 0.383984 0.383984
3361.261475 0.000000 2344.306152 0.000000 0.899165 0.000000 -0.437611 0.577742 0.577742 0.577742
3361.844971 0.000000 2364.590576 0.000000 0.524017 0.000000 -0.851708 0.680664 0.680664 0.680664
3339.451660 0.000000 2318.866211 0.000000 0.803981 0.000000 -0.594654 0.611690 0.611690 0.611690
3353.298340 0.000000 2359.229248 0.000000 0.087363 0.000000 0.996177 0.237074 0.237074 0.237074
3349.658691 0.000000 2348.060303 0.000000 0.920596 0.000000 -0.390517 0.567107 0.567107 0.567107
3370.202637 0.000000 2351.272217 0.000000 0.390609 0.000000 -0.920557 0.707300 0.707300 0.707300
3365.020996 0.000000 2309.181641 0.000000 0.399455 0.000000 -0.916753 0.699802 0.699802 0.699802
3383.248047 0.000000 2361.187988 0.000000 0.957808 0.000000 0.287410 0.447962 0.447962 0.447962
3351.075439 0.000000 2308.740479 0.000000 0.973590 0.000000 0.228302 0.462048 0.462048 0.462048
3349.096436 0.000000 2329.701660 0.000000 0.989633 0.000000 0.143622 0.471935 0.471935 0.471935
3353.000977 0.000000 2340.168213 0.000000 0.995609 0.000000 0.093613 0.483967 0.483967 0.483967
3342.333496 0.000000 2314.602539 0.000000 0.287373 0.000000 0.957819 0.292399 0.292399 0.292399
3338.765625 0.000000 2328.508545 0.000000 0.928988 0.000000 -0.370111 0.564126 0.564126 0.564126
3334.418457 0.000000 2318.341064 0.000000 0.992549 0.000000 -0.121843 0.521727 0.521727 0.521727
3347.469727 0.000000 2324.916260 0.000000 0.108701 0.000000 0.994074 0.233575 0.233575 0.233575
3375.447021 0.000000 2312.311768 0.000000 0.704231 0.000000 -0.709971 0.634022 0.634022 0.634022
3363.882812 0.000000 2319.987549 0.000000 0.965406 0.000000 0.260750 0.454064 0.454064 0.454064
3374.166748 0.000000 2320.768311 0.000000 0.497583 0.000000 0.867416 0.312574 0.312574 0.312574
3372.227539 0.000000 2316.095947 0.000000 0.981621 0.000000 -0.190842 0.534276 0.534276 0.534276
3341.192139 0.000000 2324.220947 0.000000 0.928285 0.000000 0.371868 0.434840 0.434840 0.434840
3375.836670 0.000000 2351.636475 0.000000 0.940261 0.000000 0.340455 0.437988 0.437988 0.437988
3339.697266 0.000000 2309.043701 0.000000 0.676590 0.000000 0.736360 0.357940 0.357940 0.357940
3353.783203 0.000000 2331.276855 0.000000 0.340575 0.000000 0.940217 0.277062 0.277062 0.277062
3357.163818 0.000000 2327.070801 0.000000 0.559343 0.000000 0.828936 0.328616 0.328616 0.328616
3360.289062 0.000000 2309.482666 0.000000 0.999735 0.000000 0.023025 0.495890 0.495890 0.495890
3355.162598 0.000000 2335.687744 0.000000 0.999681 0.000000 0.025270 0.495631 0.495631 0.495631
3351.883301 0.000000 2313.361084 0.000000 0.530062 0.000000 -0.847959 0.674350 0.674350 0.674350
3362.027100 0.000000 2355.432373 0.000000 0.605995 0.000000 -0.795468 0.649258 0.649258 0.649258
3353.847168 0.000000 2349.822998 0.000000 0.653625 0.000000 -0.756818 0.642517 0.642517 0.642517
3367.828857 0.000000 2315.472412 0.000000 0.316108 0.000000 0.948723 0.280137 0.280137 0.280137
3368.952881 0.000000 2346.961182 0.000000 0.997276 0.000000 -0.073755 0.512901 0.512901 0.512901
3358.320312 0.000000 2347.631592 0.000000 0.587784 0.000000 0.809018 0.331765 0.331765 0.331765
3358.671143 0.000000 2314.849854 0.000000 0.715610 0.000000 0.698500 0.373064 0.373064 0.373064
3352.879150 0.000000 2321.389893 0.000000 0.394682 0.000000 0.918818 0.307301 0.307301 0.307301
3356.262207 0.000000 2355.847168 0.000000 0.256347 0.000000 0.966585 0.280618 0.280618 0.280618
3352.790039 0.000000 2363.522217 0.000000 0.976178 0.000000 -0.216969 0.537948 0.537948 0.537948
3360.680176 0.000000 2335.696777 0.000000 0.797882 0.000000 0.602814 0.385716 0.385716 0.385716
3345.968750 0.000000 2316.745605 0.000000 0.903120 0.000000 0.429388 0.425487 0.425487 0.425487
3357.219727 0.000000 2322.851562 0.000000 0.987296 0.000000 -0.158889 0.528483 0.528483 0.528483
3363.607666 0.000000 2340.578125 0.000000 0.890228 0.000000 0.455515 0.416758 0.416758 0.416758
3331.762695 0.000000 2304.691162 0.000000 0.065037 0.000000 0.997883 0.231225 0.231225 0.231225
3369.007812 0.000000 2337.870605 0.000000 0.273594 0.000000 0.961845 0.288454 0.288454 0.288454
3386.778320 0.000000 2358.998779 0.000000 0.667594 0.000000 0.744525 0.361096 0.361096 0.361096
3347.142334 0.000000 2337.564697 0.000000 0.920881 0.000000 -0.389845 0.566985 0.566985 0.566985
3375.768066 0.000000 2342.886230 0.000000 0.433083 0.000000 0.901354 0.316381 0.316381 0.316381
3346.542969 0.000000 2333.280273 0.000000 0.980563 0.000000 -0.196202 0.532786 0.532786 0.532786
3380.103027 0.000000 2353.983154 0.000000 0.884282 0.000000 -0.466953 0.581873 0.581873 0.581873
3350.603027 0.000000 2343.976807 0.000000 0.997238 0.000000 0.074269 0.486730 0.486730 0.486730
3373.117676 0.000000 2308.363525 0.000000 0.937640 0.000000 0.347607 0.440395 0.440395 0.440395
3353.052246 0.000000 2305.100098 0.000000 0.964179 0.000000 -0.265253 0.546079 0.546079 0.546079
3381.583008 0.000000 2365.503662 0.000000 0.877858 0.000000 -0.478921 0.589149 0.589149 0.589149
3345.123779 0.000000 2303.443359 0.000000 0.960431 0.000000 0.278518 0.454022 0.454022 0.454022
3360.256348 0.000000 2318.841064 0.000000 0.397126 0.000000 0.917764 0.292506 0.292506 0.292506
3350.077148 0.000000 2366.145020 0.000000 0.282825 0.000000 -0.959171 0.716386 0.716386 0.716386
3371.395752 0.000000 2343.516113 0.000000 0.551443 0.000000 -0.834213 0.672435 0.672435 0.672435
3356.304199 0.000000 2362.134277 0.000000 0.984216 0.000000 0.176973 0.468242 0.468242 0.468242
3333.581787 0.000000 2314.609619 0.000000 0.907677 0.000000 0.419670 0.427289 0.427289 0.427289
3343.635986 0.000000 2310.993408 0.000000 0.981183 0.000000 -0.193078 0.533834 0.533834 0.533834
3357.689453 0.000000 2343.010010 0.000000 0.953642 0.000000 -0.300942 0.552466 0.552466 0.552466
3348.374268 0.000000 2321.281006 0.000000 0.370709 0.000000 0.928749 0.288885 0.288885 0.288885
3330.874756 0.000000 2309.308838 0.000000 0.873239 0.000000 -0.487293 0.587044 0.587044 0.587044
3377.022705 0.000000 2347.943115 0.000000 0.182315 0.000000 0.983240 0.266190 0.266190 0.266190
3333.082275 0.000000 2321.759766 0.000000 0.999075 0.000000 -0.043002 0.507141 0.507141 0.507141
3364.876221 0.000000 2345.716797 0.000000 0.986981 0.000000 0.160837 0.472778 0.472778 0.472778
3344.202393 0.000000 2326.457764 0.000000 0.876645 0.000000 0.481137 0.406014 0.406014 0.406014
3361.338867 0.000000 2350.390625 0.000000 0.678557 0.000000 0.734548 0.357369 0.357369 0.357369
3378.447021 0.000000 2367.412598 0.000000 0.189286 0.000000 0.981922 0.257909 0.257909 0.257909
3347.957520 0.000000 2307.068115 0.000000 0.803741 0.000000 0.594979 0.391819 0.391819 0.391819
3366.823975 0.000000 2352.135498 0.000000 0.547430 0.000000 -0.836851 0.674512 0.674512 0.674512
3385.113770 0.000000 2365.771973 0.000000 0.372153 0.000000 0.928171 0.298070 0.298070 0.298070
3366.468018 0.000000 2312.297852 0.000000 0.919403 0.000000 0.393318 0.427842 0.427842 0.427842
3335.677734 0.000000 2304.775391 0.000000 0.212289 0.000000 0.977207 0.262027 0.262027 0.262027
3369.951172 0.000000 2354.962158 0.000000 0.334847 0.000000 0.942273 0.289764 0.289764 0.289764
3376.869141 0.000000 2354.994141 0.000000 0.156553 0.000000 0.987670 0.253844 0.253844 0.253844
3354.620117 0.000000 2307.984619 0.000000 0.968691 0.000000 0.248268 0.456781 0.456781 0.456781
3368.262451 0.000000 2308.726807 0.000000 0.416768 0.000000 -0.909013 0.703656 0.703656 0.703656
3342.749756 0.000000 2318.066895 0.000000 0.204439 0.000000 0.978879 0.264879 0.264879 0.264879
3330.939209 0.000000 2316.500244 0.000000 0.868087 0.000000 0.496413 0.410841 0.410841 0.410841
3349.812256 0.000000 2339.705566 0.000000 0.949733 0.000000 -0.313062 0.554453 0.554453 0.554453
3359.797363 0.000000 2367.186768 0.000000 0.502470 0.000000 0.864594 0.313581 0.313581 0.313581
3354.539795 0.000000 2352.938721 0.000000 0.999800 0.000000 -0.019996 0.503370 0.503370 0.503370
3328.125732 0.000000 2303.587402 0.000000 0.916777 0.000000 0.399399 0.429994 0.429994 0.429994
3362.574463 0.000000 2307.143311 0.000000 0.420320 0.000000 0.907376 0.306268 0.306268 0.306268
3361.602295 0.000000 2332.604492 0.000000 0.270272 0.000000 0.962784 0.278175 0.278175 0.278175
3336.741211 0.000000 2320.635498 0.000000 0.993209 0.000000 -0.116346 0.520815 0.520815 0.520815
3371.303223 0.000000 2322.114502 0.000000 0.337899 0.000000 0.941182 0.296440 0.296440 0.296440
3381.963867 0.000000 2358.212646 0.000000 0.744921 0.000000 0.667153 0.371448 0.371448 0.371448
3365.183350 0.000000 2317.169922 0.000000 0.310408 0.000000 -0.950604 0.709951 0.709951 0.709951
3379.961182 0.000000 2361.253174 0.000000 0.785433 0.000000 0.618947 0.387115 0.387115 0.387115
3363.745850 0.000000 2352.411865 0.000000 0.806619 0.000000 -0.591072 0.607357 0.607357 0.607357
3342.001465 0.000000 2305.005615 0.000000 0.861502 0.000000 0.507754 0.407260 0.407260 0.407260
3362.791992 0.000000 2311.323730 0.000000 0.019960 0.000000 0.999801 0.223171 0.223171 0.223171
3372.980957 0.000000 2349.831543 0.000000 0.354400 0.000000 -0.935094 0.714971 0.714971 0.714971
3358.454346 0.000000 2364.407227 0.000000 0.989788 0.000000 0.142544 0.474468 0.474468 0.474468
3362.345459 0.000000 2347.466309 0.000000 0.534507 0.000000 0.845164 0.324041 0.324041 0.324041
3390.548340 0.000000 2366.092529 0.000000 0.985814 0.000000 0.167841 0.472213 0.472213 0.472213
3372.888916 0.000000 2352.875977 0.000000 0.591502 0.000000 0.806303 0.332586 0.332586 0.332586
3360.169434 0.000000 2305.242920 0.000000 0.312922 0.000000 -0.949779 0.713417 0.713417 0.713417
3350.581787 0.000000 2323.475098 0.000000 0.835446 0.000000 0.549573 0.400858 0.400858 0.400858
3352.113281 0.000000 2328.751465 0.000000 0.431922 0.000000 -0.901911 0.712596 0.712596 0.712596
3360.538818 0.000000 2341.355225 0.000000 0.867952 0.000000 0.496648 0.411443 0.411443 0.411443
3360.733643 0.000000 2361.843506 0.000000 0.755556 0.000000 -0.655085 0.620371 0.620371 0.620371
3341.511963 0.000000 2321.022217 0.000000 0.883527 0.000000 0.468380 0.412988 0.412988 0.412988
3348.971436 0.000000 2315.063232 0.000000 0.927121 0.000000 0.374762 0.431430 0.431430 0.431430
3350.676270 0.000000 2350.911133 0.000000 0.999906 0.000000 -0.013746 0.502385 0.502385 0.502385
3386.148438 0.000000 2361.865723 0.000000 0.994057 0.000000 -0.108865 0.518042 0.518042 0.518042
3370.011230 0.000000 2340.771484 0.000000 0.844302 0.000000 0.535867 0.404345 0.404345 0.404345
3346.334473 0.000000 2309.480469 0.000000 0.925853 0.000000 -0.377884 0.568446 0.568446 0.568446
3359.113037 0.000000 2356.402100 0.000000 0.761821 0.000000 -0.647787 0.616551 0.616551 0.616551
3337.255615 0.000000 2307.417969 0.000000 0.484883 0.000000 -0.874579 0.689364 0.689364 0.689364
3350.908447 0.000000 2331.972412 0.000000 0.381853 0.000000 -0.924223 0.718549 0.718549 0.718549
3341.636719 0.000000 2328.000488 0.000000 0.865916 0.000000 -0.500189 0.592522 0.592522 0.592522
3346.431152 0.000000 2328.328369 0.000000 0.456140 0.000000 -0.889908 0.712278 0.712278 0.712278
3367.024414 0.000000 2339.994385 0.000000 0.999990 0.000000 0.004431 0.499226 0.499226 0.499226
3349.839111 0.000000 2326.639160 0.000000 0.905501 0.000000 -0.424345 0.586433 0.586433 0.586433
3353.397705 0.000000 2317.971191 0.000000 0.233547 0.000000 -0.972345 0.721649 0.721649 0.721649
3353.261963 0.000000 2356.128662 0.000000 0.144497 0.000000 0.989505 0.245492 0.245492 0.245492
3355.887939 0.000000 2340.768799 0.000000 0.937560 0.000000 -0.347823 0.559644 0.559644 0.559644
3336.201416 0.000000 2326.745850 0.000000 0.304035 0.000000 -0.952661 0.710284 0.710284 0.710284
3336.734863 0.000000 2316.529541 0.000000 0.325493 0.000000 0.945544 0.288069 0.288069 0.288069
3357.738281 0.000000 2308.091553 0.000000 0.986452 0.000000 -0.164047 0.528490 0.528490 0.528490
3357.986572 0.000000 2334.758057 0.000000 0.881885 0.000000 0.471465 0.412364 0.412364 0.412364
3361.641602 0.000000 2338.456055 0.000000 0.736603 0.000000 -0.676325 0.630731 0.630731 0.630731
3375.063965 0.000000 2315.212402 0.000000 0.183656 0.000000 -0.982991 0.740501 0.740501 0.740501
3372.729492 0.000000 2313.299072 0.000000 0.621237 0.000000 -0.783623 0.659052 0.659052 0.659052
3351.979004 0.000000 2346.446777 0.000000 0.462499 0.000000 0.886620 0.314958 0.314958 0.314958
3356.301514 0.000000 2329.738525 0.000000 0.400341 0.000000 -0.916366 0.701082 0.701082 0.701082
3359.095459 0.000000 2312.029541 0.000000 0.839164 0.000000 0.543879 0.404171 0.404171 0.404171
3377.200195 0.000000 2319.735107 0.000000 0.099661 0.000000 -0.995021 0.753392 0.753392 0.753392
3373.440186 0.000000 2323.996094 0.000000 0.814630 0.000000 -0.579981 0.605421 0.605421 0.605421
3338.811279 0.000000 2325.694824 0.000000 0.864069 0.000000 0.503374 0.410778 0.410778 0.410778
3344.635498 0.000000 2323.674805 0.000000 0.078629 0.000000 -0.996904 0.765411 0.765411 0.765411
3361.477051 0.000000 2321.472168 0.000000 0.989393 0.000000 -0.145265 0.525840 0.525840 0.525840
3367.902832 0.000000 2349.550537 0.000000 0.581081 0.000000 -0.813846 0.665556 0.665556 0.665556
3338.990479 0.000000 2322.232910 0.000000 0.958458 0.000000 0.285235 0.449631 0.449631 0.449631
3349.922119 0.000000 2311.361328 0.000000 0.026806 0.000000 0.999641 0.227284 0.227284 0.227284
3355.324463 0.000000 2324.856689 0.000000 0.597709 0.000000 -0.801713 0.667197 0.667197 0.667197
3353.119873 0.000000 2342.918701 0.000000 0.088120 0.000000 -0.996110 0.764642 0.764642 0.764642
3331.827393 0.000000 2319.331543 0.000000 0.738722 0.000000 0.674011 0.375361 0.375361 0.375361
3371.833252 0.000000 2318.972656 0.000000 0.402980 0.000000 -0.915209 0.697696 0.697696 0.697696
3374.683105 0.000000 2318.072266 0.000000 0.956713 0.000000 0.291032 0.447287 0.447287 0.447287
3355.940430 0.000000 2332.966309 0.000000 0.036625 0.000000 0.999329 0.226147 0.226147 0.226147
3353.104492 0.000000 2333.906494 0.000000 0.630073 0.000000 -0.776536 0.655941 0.655941 0.655941
3354.544678 0.000000 2327.684326 0.000000 0.988420 0.000000 0.151743 0.472333 0.472333 0.472333
3364.055664 0.000000 2343.183838 0.000000 0.859236 0.000000 0.511579 0.406486 0.406486 0.406486
3378.462402 0.000000 2351.686279 0.000000 0.005960 0.000000 -0.999982 0.766631 0.766631 0.766631
3355.868652 0.000000 2358.457764 0.000000 0.545777 0.000000 0.837930 0.322661 0.322661 0.322661
3370.188232 0.000000 2314.096436 0.000000 0.375061 0.000000 -0.927000 0.711764 0.711764 0.711764
3344.925781 0.000000 2313.727051 0.000000 0.633152 0.000000 0.774028 0.346413 0.346413 0.346413
3375.981689 0.000000 2322.755127 0.000000 0.929107 0.000000 -0.369811 0.564781 0.564781 0.564781
3362.411621 0.000000 2317.434814 0.000000 0.985264 0.000000 0.171042 0.470712 0.470712 0.470712
3356.770508 0.000000 2349.740967 0.000000 0.993084 0.000000 0.117404 0.479729 0.479729 0.479729
3346.792236 0.000000 2319.190674 0.000000 0.845182 0.000000 0.534479 0.399696 0.399696 0.399696
3353.406006 0.000000 2366.537598 0.000000 0.312249 0.000000 -0.950000 0.722142 0.722142 0.722142
3371.536621 0.000000 2306.147705 0.000000 0.131153 0.000000 0.991362 0.257460 0.257460 0.257460
3369.856689 0.000000 2317.157227 0.000000 0.342756 0.000000 0.939425 0.295012 0.295012 0.295012
3363.134033 0.000000 2334.681152 0.000000 0.990308 0.000000 -0.138892 0.524003 0.524003 0.524003
3358.316895 0.000000 2320.583008 0.000000 0.931292 0.000000 0.364274 0.433445 0.433445 0.433445
3383.583740 0.000000 2363.738525 0.000000 0.998285 0.000000 -0.058538 0.510455 0.510455 0.510455
3358.711182 0.000000 2324.899658 0.000000 0.903406 0.000000 0.428785 0.423109 0.423109 0.423109
3342.141846 0.000000 2308.698975 0.000000 0.981376 0.000000 -0.192098 0.534504 0.534504 0.534504
3370.971924 0.000000 2348.391113 0.000000 0.621944 0.000000 -0.783062 0.657208 0.657208 0.657208
3373.198486 0.000000 2310.858154 0.000000 0.428530 0.000000 -0.903528 0.695003 0.695003 0.695003
3355.770752 0.000000 2347.438721 0.000000 0.139782 0.000000 0.990182 0.247320 0.247320 0.247320
3345.783203 0.000000 2339.639160 0.000000 0.214696 0.000000 -0.976681 0.732469 0.732469 0.732469
3354.990234 0.000000 2303.558350 0.000000 0.490899 0.000000 -0.871217 0.688798 0.688798 0.688798
3358.305420 0.000000 2317.258789 0.000000 0.998116 0.000000 0.061350 0.489463 0.489463 0.489463
3339.873291 0.000000 2306.479248 0.000000 0.997909 0.000000 -0.064641 0.511547 0.511547 0.511547
3346.906494 0.000000 2330.880859 0.000000 0.816756 0.000000 -0.576983 0.610936 0.610936 0.610936
3350.716553 0.000000 2320.226074 0.000000 0.629504 0.000000 -0.776998 0.651071 0.651071 0.651071
3332.126953 0.000000 2307.220703 0.000000 0.600553 0.000000 -0.799585 0.665402 0.665402 0.665402
3348.777832 0.000000 2345.793701 0.000000 0.957215 0.000000 0.289379 0.449977 0.449977 0.449977
3384.454590 0.000000 2358.297852 0.000000 0.852292 0.000000 -0.523067 0.595508 0.595508 0.595508
3361.151855 0.000000 2313.247803 0.000000 0.516130 0.000000 0.856510 0.324118 0.324118 0.324118
3373.664307 0.000000 2344.324463 0.000000 0.953725 0.000000 -0.300680 0.553563 0.553563 0.553563
3357.109619 0.000000 2345.360107 0.000000 0.982083 0.000000 0.188450 0.466159 0.466159 0.466159
3366.522461 0.000000 2347.620850 0.000000 0.399461 0.000000 -0.916750 0.695457 0.695457 0.695457
3367.567383 0.000000 2317.923584 0.000000 0.210163 0.000000 0.977666 0.270976 0.270976 0.270976
3381.777344 0.000000 2355.784180 0.000000 0.492350 0.000000 0.870397 0.316772 0.316772 0.316772
3369.239014 0.000000 2344.501709 0.000000 0.550389 0.000000 -0.834908 0.675739 0.675739 0.675739
3371.240479 0.000000 2346.035645 0.000000 0.981764 0.000000 -0.190106 0.534142 0.534142 0.534142
3355.770020 0.000000 2321.016113 0.000000 0.984712 0.000000 0.174193 0.470167 0.470167 0.470167
3365.587891 0.000000 2314.574463 0.000000 0.811654 0.000000 -0.584139 0.609017 0.609017 0.609017
3348.799561 0.000000 2309.304932 0.000000 0.050577 0.000000 0.998720 0.240974 0.240974 0.240974
3363.046875 0.000000 2366.683594 0.000000 0.876596 0.000000 0.481227 0.414455 0.414455 0.414455
3380.304932 0.000000 2363.519043 0.000000 0.650805 0.000000 0.759245 0.346641 0.346641 0.346641
3354.939209 0.000000 2364.334717 0.000000 0.481358 0.000000 -0.876524 0.690080 0.690080 0.690080
3350.982178 0.000000 2341.731934 0.000000 0.766907 0.000000 -0.641758 0.621335 0.621335 0.621335
3354.089844 0.000000 2361.540527 0.000000 0.991066 0.000000 0.133374 0.476288 0.476288 0.476288
3359.529541 0.000000 2322.700195 0.000000 0.568272 0.000000 -0.822841 0.672504 0.672504 0.672504
3358.592285 0.000000 2336.987061 0.000000 0.861155 0.000000 0.508342 0.406143 0.406143 0.406143
3359.078857 0.000000 2349.930908 0.000000 0.613749 0.000000 -0.789501 0.659597 0.659597 0.659597
3359.403809 0.000000 2345.659180 0.000000 0.804169 0.000000 0.594401 0.389160 0.389160 0.389160
3367.083008 0.000000 2345.222412 0.000000 0.969331 0.000000 0.245757 0.456607 0.456607 0.456607
3370.785645 0.000000 2308.347412 0.000000 0.903069 0.000000 0.429495 0.422419 0.422419 0.422419
3346.713623 0.000000 2322.784912 0.000000 0.970951 0.000000 -0.239279 0.542980 0.542980 0.542980
3374.856445 0.000000 2353.900391 0.000000 0.879034 0.000000 0.476759 0.411290 0.411290 0.411290
3375.402344 0.000000 2349.412842 0.000000 0.623838 0.000000 -0.781554 0.660145 0.660145 0.660145
3348.126709 0.000000 2343.706299 0.000000 0.879545 0.000000 -0.475815 0.588208 0.588208 0.588208
3353.313721 0.000000 2323.676514 0.000000 0.247985 0.000000 -0.968764 0.727419 0.727419 0.727419
3348.144531 0.000000 2317.104492 0.000000 0.667182 0.000000 0.744895 0.349990 0.349990 0.349990
3350.570557 0.000000 2363.540039 0.000000 0.658621 0.000000 -0.752475 0.645671 0.645671 0.645671
3351.681885 0.000000 2357.732178 0.000000 0.530151 0.000000 -0.847903 0.674964 0.674964 0.674964
3351.443115 0.000000 2303.593994 0.000000 0.041351 0.000000 -0.999145 0.761554 0.761554 0.761554
3365.101074 0.000000 2338.933105 0.000000 0.134817 0.000000 -0.990870 0.756253 0.756253 0.756253
3355.359131 0.000000 2342.899658 0.000000 0.960077 0.000000 -0.279735 0.549724 0.549724 0.549724
3330.159180 0.000000 2306.356445 0.000000 0.621338 0.000000 -0.783543 0.660715 0.660715 0.660715
3352.545898 0.000000 2352.130127 0.000000 0.287497 0.000000 0.957781 0.276452 0.276452 0.276452
3368.774170 0.000000 2353.021973 0.000000 0.999702 0.000000 0.024426 0.495670 0.495670 0.495670
3378.872070 0.000000 2355.782959 0.000000 0.307688 0.000000 0.951487 0.279363 0.279363 0.279363
3358.376709 0.000000 2361.490967 0.000000 0.876847 0.000000 -0.480770 0.588273 0.588273 0.588273
3350.486084 0.000000 2355.895508 0.000000 0.347575 0.000000 -0.937652 0.713991 0.713991 0.713991
3368.257324 0.000000 2311.046631 0.000000 0.999624 0.000000 -0.027417 0.504895 0.504895 0.504895
3365.666016 0.000000 2341.600342 0.000000 0.945567 0.000000 0.325427 0.440833 0.440833 0.440833
3333.068115 0.000000 2316.723633 0.000000 0.865353 0.000000 -0.501162 0.591410 0.591410 0.591410
3379.399170 0.000000 2365.470703 0.000000 0.126131 0.000000 -0.992014 0.748803 0.748803 0.748803
3364.332275 0.000000 2312.788086 0.000000 0.556424 0.000000 -0.830898 0.675062 0.675062 0.675062
3355.124268 0.000000 2305.914551 0.000000 0.102649 0.000000 0.994718 0.242544 0.242544 0.242544
3346.807861 0.000000 2314.720947 0.000000 0.967048 0.000000 -0.254593 0.545309 0.545309 0.545309
3342.714355 0.000000 2322.786133 0.000000 0.932986 0.000000 0.359913 0.434739 0.434739 0.434739
3344.899658 0.000000 2331.907227 0.000000 0.775059 0.000000 -0.631889 0.620386 0.620386 0.620386
3333.597168 0.000000 2305.670410 0.000000 0.682724 0.000000 0.730676 0.353750 0.353750 0.353750
3337.342285 0.000000 2318.526611 0.000000 0.563698 0.000000 -0.825981 0.673494 0.673494 0.673494
3359.959473 0.000000 2307.290283 0.000000 0.090927 0.000000 0.995858 0.235861 0.235861 0.235861
3360.351074 0.000000 2348.266846 0.000000 0.837865 0.000000 0.545877 0.396926 0.396926 0.396926
3359.823730 0.000000 2333.787842 0.000000 0.999983 0.000000 0.005753 0.498984 0.498984 0.498984
3344.828613 0.000000 2318.483887 0.000000 0.258027 0.000000 -0.966138 0.727266 0.727266 0.727266
3362.512939 0.000000 2336.608398 0.000000 0.220852 0.000000 -0.975307 0.739800 0.739800 0.739800
3368.167969 0.000000 2313.409424 0.000000 0.786190 0.000000 -0.617985 0.618915 0.618915 0.618915
3328.961914 0.000000 2308.522461 0.000000 0.839020 0.000000 -0.544100 0.598746 0.598746 0.598746
3385.990967 0.000000 2363.938965 0.000000 0.590734 0.000000 -0.806866 0.661724 0.661724 0.661724
3353.684082 0.000000 2347.625488 0.000000 0.758606 0.000000 -0.651550 0.623127 0.623127 0.623127
3362.999756 0.000000 2309.136719 0.000000 0.988752 0.000000 -0.149566 0.526705 0.526705 0.526705
3351.836670 0.000000 2365.255371 0.000000 0.954365 0.000000 0.298644 0.447758 0.447758 0.447758
3342.287598 0.000000 2326.030518 0.000000 0.914491 0.000000 -0.404605 0.574355 0.574355 0.574355
3357.067627 0.000000 2360.031250 0.000000 0.728107 0.000000 0.685463 0.365187 0.365187 0.365187
3385.190674 0.000000 2360.170410 0.000000 0.205078 0.000000 -0.978746 0.736712 0.736712 0.736712
3370.888184 0.000000 2353.233887 0.000000 0.508098 0.000000 0.861299 0.314746 0.314746 0.314746
3348.596436 0.000000 2323.299805 0.000000 0.089940 0.000000 0.995947 0.241229 0.241229 0.241229
3348.831787 0.000000 2319.146240 0.000000 0.259367 0.000000 0.965779 0.266441 0.266441 0.266441
3345.484375 0.000000 2311.611572 0.000000 0.645308 0.000000 -0.763922 0.655185 0.655185 0.655185
3366.627686 0.000000 2307.680176 0.000000 0.997653 0.000000 -0.068466 0.511846 0.511846 0.511846
3366.137207 0.000000 2353.948486 0.000000 0.337931 0.000000 0.941171 0.284202 0.284202 0.284202
3381.595459 0.000000 2360.115967 0.000000 0.506532 0.000000 0.862221 0.316368 0.316368 0.316368
3329.822998 0.000000 2304.467529 0.000000 0.798705 0.000000 -0.601723 0.614849 0.614849 0.614849
3355.073242 0.000000 2322.896729 0.000000 0.324791 0.000000 -0.945786 0.719023 0.719023 0.719023
3347.821533 0.000000 2326.781250 0.000000 0.607177 0.000000 -0.794567 0.678820 0.678820 0.678820
3347.775146 0.000000 2339.399902 0.000000 0.946755 0.000000 -0.321954 0.556875 0.556875 0.556875
3344.491455 0.000000 2309.031006 0.000000 0.301517 0.000000 0.953461 0.274280 0.274280 0.274280
3381.876953 0.000000 2362.510010 0.000000 0.554841 0.000000 -0.831956 0.674788 0.674788 0.674788
3363.224609 0.000000 2350.572510 0.000000 0.679021 0.000000 -0.734119 0.645609 0.645609 0.645609
3362.043945 0.000000 2319.498535 0.000000 0.668411 0.000000 -0.743792 0.646051 0.646051 0.646051
3375.318115 0.000000 2347.126709 0.000000 0.495656 0.000000 0.868519 0.316775 0.316775 0.316775
3349.036621 0.000000 2313.143066 0.000000 0.715123 0.000000 0.698999 0.361839 0.361839 0.361839
3334.689941 0.000000 2320.185059 0.000000 0.844137 0.000000 -0.536128 0.598886 0.598886 0.598886
3377.229004 0.000000 2353.098145 0.000000 0.998709 0.000000 0.050805 0.490927 0.490927 0.490927
3337.467529 0.000000 2305.441895 0.000000 0.692299 0.000000 -0.721611 0.643896 0.643896 0.643896
3366.742188 0.000000 2309.884277 0.000000 0.415267 0.000000 -0.909699 0.703951 0.703951 0.703951
3369.292969 0.000000 2342.498779 0.000000 0.751165 0.000000 0.660115 0.371304 0.371304 0.371304
3365.811768 0.000000 2343.759277 0.000000 0.971738 0.000000 0.236062 0.458502 0.458502 0.458502
3346.016357 0.000000 2326.127441 0.000000 0.130100 0.000000 0.991501 0.219524 0.219524 0.219524
3380.361816 0.000000 2356.985352 0.000000 0.771420 0.000000 -0.636326 0.622257 0.622257 0.622257
3353.058350 0.000000 2354.214600 0.000000 0.861396 0.000000 -0.507934 0.595104 0.595104 0.595104
3360.760742 0.000000 2311.252930 0.000000 0.814750 0.000000 0.579812 0.389596 0.389596 0.389596
3352.810059 0.000000 2344.718262 0.000000 0.386446 0.000000 -0.922312 0.709566 0.709566 0.709566
3335.560791 0.000000 2306.650391 0.000000 0.431784 0.000000 -0.901977 0.697187 0.697187 0.697187
3365.289551 0.000000 2351.132812 0.000000 0.970772 0.000000 0.240002 0.456888 0.456888 0.456888
3349.003174 0.000000 2342.049072 0.000000 0.925604 0.000000 -0.378494 0.569047 0.569047 0.569047
3342.376221 0.000000 2306.852539 0.000000 0.920052 0.000000 -0.391797 0.571862 0.571862 0.571862
3360.160400 0.000000 2339.553955 0.000000 0.508566 0.000000 -0.861023 0.682568 0.682568 0.682568
3353.757812 0.000000 2329.482422 0.000000 0.649824 0.000000 0.760085 0.336711 0.336711 0.336711
3340.518799 0.000000 2326.518799 0.000000 0.353040 0.000000 -0.935608 0.715230 0.715230 0.715230
3383.352539 0.000000 2366.166504 0.000000 0.648645 0.000000 -0.761092 0.651705 0.651705 0.651705
3369.675781 0.000000 2309.837402 0.000000 0.990205 0.000000 -0.139624 0.525005 0.525005 0.525005
3343.087891 0.000000 2320.007324 0.000000 0.909484 0.000000 0.415740 0.423466 0.423466 0.423466
3347.703613 0.000000 2310.716064 0.000000 0.578872 0.000000 0.815418 0.329806 0.329806 0.329806
3344.521973 0.000000 2328.232910 0.000000 0.234487 0.000000 -0.972119 0.749799 0.749799 0.749799
3373.932373 0.000000 2351.400635 0.000000 0.566992 0.000000 0.823723 0.329635 0.329635 0.329635
3365.158203 0.000000 2311.083496 0.000000 0.797614 0.000000 0.603169 0.384425 0.384425 0.384425
3354.828369 0.000000 2356.986328 0.000000 0.447854 0.000000 -0.894107 0.697502 0.697502 0.697502
3361.263184 0.000000 2346.065430 0.000000 0.977913 0.000000 0.209014 0.462413 0.462413 0.462413
3349.283447 0.000000 2324.945312 0.000000 0.926635 0.000000 -0.375962 0.571447 0.571447 0.571447
3371.951660 0.000000 2351.395508 0.000000 0.385392 0.000000 -0.922753 0.708304 0.708304 0.708304
3358.342041 0.000000 2306.436035 0.000000 0.995288 0.000000 -0.096965 0.517336 0.517336 0.517336
3361.333008 0.000000 2366.329590 0.000000 0.930168 0.000000 0.367135 0.433131 0.433131 0.433131
3352.147461 0.000000 2330.566406 0.000000 0.768817 0.000000 0.639469 0.373555 0.373555 0.373555
3355.268555 0.000000 2360.232910 0.000000 0.615684 0.000000 -0.787993 0.660866 0.660866 0.660866
3350.366211 0.000000 2328.395264 0.000000 0.990727 0.000000 0.135869 0.473630 0.473630 0.473630
3363.620117 0.000000 2338.049805 0.000000 0.334333 0.000000 -0.942455 0.719541 0.719541 0.719541
3349.991455 0.000000 2321.859131 0.000000 0.088061 0.000000 0.996115 0.237198 0.237198 0.237198
3345.500488 0.000000 2329.801514 0.000000 0.081548 0.000000 0.996669 0.221169 0.221169 0.221169
3339.864258 0.000000 2320.538330 0.000000 0.933160 0.000000 0.359460 0.434366 0.434366 0.434366
3373.905029 0.000000 2348.385742 0.000000 0.983928 0.000000 0.178565 0.468066 0.468066 0.468066
3359.947510 0.000000 2365.336426 0.000000 0.917037 0.000000 0.398802 0.426776 0.426776 0.426776
3351.019287 0.000000 2325.133789 0.000000 0.408431 0.000000 -0.912789 0.710314 0.710314 0.710314
3372.290771 0.000000 2320.623779 0.000000 0.954046 0.000000 -0.299661 0.554135 0.554135 0.554135
3360.244385 0.000000 2337.483398 0.000000 0.174861 0.000000 0.984593 0.250982 0.250982 0.250982
3356.993652 0.000000 2325.114502 0.000000 0.731272 0.000000 -0.682086 0.633518 0.633518 0.633518
3368.421631 0.000000 2351.373535 0.000000 0.984148 0.000000 -0.177348 0.531825 0.531825 0.531825
3383.190430 0.000000 2359.468262 0.000000 0.298813 0.000000 -0.954312 0.726226 0.726226 0.726226
3383.072510 0.000000 2356.980713 0.000000 0.010315 0.000000 -0.999947 0.778551 0.778551 0.778551
3346.535400 0.000000 2320.822754 0.000000 0.937442 0.000000 -0.348143 0.563474 0.563474 0.563474
3351.551270 0.000000 2327.158691 0.000000 0.957103 0.000000 0.289746 0.443490 0.443490 0.443490
3362.463135 0.000000 2349.108398 0.000000 0.867153 0.000000 0.498042 0.406939 0.406939 0.406939
3348.483154 0.000000 2331.219238 0.000000 0.960328 0.000000 -0.278872 0.551330 0.551330 0.551330
3350.674072 0.000000 2329.956299 0.000000 0.946175 0.000000 0.323655 0.436230 0.436230 0.436230
3348.124023 0.000000 2328.431641 0.000000 0.995142 0.000000 -0.098449 0.519202 0.519202 0.519202
3354.175049 0.000000 2326.010010 0.000000 0.252275 0.000000 0.967655 0.261026 0.261026 0.261026
3355.670898 0.000000 2326.356689 0.000000 0.981280 0.000000 -0.192586 0.535198 0.535198 0.535198
3353.146973 0.000000 2327.137207 0.000000 0.161536 0.000000 -0.986867 0.768134 0.768134 0.768134
3347.258057 0.000000 2329.529053 0.000000 0.700122 0.000000 -0.714023 0.653863 0.653863 0.653863
3349.237549 0.000000 2327.773438 0.000000 0.703735 0.000000 -0.710462 0.655840 0.655840 0.655840
3397.163818 0.000000 2367.375244 0.000000 0.985487 0.000000 -0.169754 0.527468 0.527468 0.527468
3375.872070 0.000000 2389.365234 0.000000 0.571095 0.000000 -0.820884 0.659270 0.659270 0.659270
3350.567383 0.000000 2398.853760 0.000000 0.133161 0.000000 -0.991094 0.729641 0.729641 0.729641
3355.960938 0.000000 2375.086670 0.000000 0.984122 0.000000 -0.177493 0.528622 0.528622 0.528622
3382.647217 0.000000 2368.174072 0.000000 0.986628 0.000000 0.162987 0.471491 0.471491 0.471491
3370.579102 0.000000 2375.368408 0.000000 0.419933 0.000000 0.907555 0.318263 0.318263 0.318263
3354.563477 0.000000 2409.227295 0.000000 0.993494 0.000000 -0.113882 0.519446 0.519446 0.519446
3363.089844 0.000000 2367.984375 0.000000 0.253043 0.000000 -0.967455 0.724057 0.724057 0.724057
3352.609131 0.000000 2389.754150 0.000000 0.943954 0.000000 -0.330076 0.555217 0.555217 0.555217
3377.352783 0.000000 2380.903564 0.000000 0.062849 0.000000 0.998023 0.231775 0.231775 0.231775
3369.135498 0.000000 2383.833984 0.000000 0.864041 0.000000 0.503421 0.411098 0.411098 0.411098
3358.527588 0.000000 2395.681152 0.000000 0.561022 0.000000 -0.827801 0.659465 0.659465 0.659465
3367.521729 0.000000 2393.005615 0.000000 0.780093 0.000000 0.625664 0.391148 0.391148 0.391148
3356.366455 0.000000 2382.732666 0.000000 0.882290 0.000000 -0.470706 0.581671 0.581671 0.581671
3375.144043 0.000000 2368.850098 0.000000 0.565571 0.000000 -0.824699 0.659775 0.659775 0.659775
3358.309814 0.000000 2403.230713 0.000000 0.920139 0.000000 -0.391593 0.569814 0.569814 0.569814
3387.258301 0.000000 2373.799316 0.000000 0.752727 0.000000 -0.658333 0.615266 0.615266 0.615266
3380.478027 0.000000 2374.725098 0.000000 0.717611 0.000000 -0.696445 0.629831 0.629831 0.629831
3350.321533 0.000000 2381.741699 0.000000 0.710053 0.000000 0.704148 0.361037 0.361037 0.361037
3357.098389 0.000000 2369.145508 0.000000 0.874435 0.000000 -0.485142 0.587887 0.587887 0.587887
3389.241211 0.000000 2368.228516 0.000000 0.645522 0.000000 -0.763742 0.643744 0.643744 0.643744
3351.075439 0.000000 2372.724854 0.000000 0.876544 0.000000 0.481322 0.417885 0.417885 0.417885
3353.000977 0.000000 2404.152588 0.000000 0.999948 0.000000 -0.010215 0.501823 0.501823 0.501823
3370.801270 0.000000 2389.201660 0.000000 0.991633 0.000000 0.129089 0.476893 0.476893 0.476893
3375.447021 0.000000 2376.296143 0.000000 0.723538 0.000000 -0.690285 0.630768 0.630768 0.630768
3374.166748 0.000000 2384.752686 0.000000 0.158143 0.000000 0.987416 0.256769 0.256769 0.256769
3372.227539 0.000000 2380.080322 0.000000 0.621336 0.000000 0.783544 0.339285 0.339285 0.339285
3381.706543 0.000000 2383.202881 0.000000 0.413402 0.000000 -0.910549 0.689314 0.689314 0.689314
3366.080322 0.000000 2388.095459 0.000000 0.611140 0.000000 -0.791522 0.655046 0.655046 0.655046
3355.162598 0.000000 2399.672119 0.000000 0.731255 0.000000 0.682104 0.370694 0.370694 0.370694
3351.883301 0.000000 2377.345459 0.000000 0.997955 0.000000 -0.063926 0.511059 0.511059 0.511059
3352.879150 0.000000 2385.374268 0.000000 0.757057 0.000000 0.653349 0.372906 0.372906 0.372906
3382.290039 0.000000 2378.685791 0.000000 0.700668 0.000000 -0.713487 0.628922 0.628922 0.628922
3360.680176 0.000000 2399.681152 0.000000 0.999945 0.000000 -0.010478 0.501772 0.501772 0.501772
3357.219727 0.000000 2386.835938 0.000000 0.743224 0.000000 -0.669043 0.618935 0.618935 0.618935
3378.813477 0.000000 2370.871094 0.000000 0.959739 0.000000 -0.280894 0.550824 0.550824 0.550824
3350.603027 0.000000 2407.961182 0.000000 0.953586 0.000000 -0.301122 0.553262 0.553262 0.553262
3353.052246 0.000000 2369.084473 0.000000 0.774301 0.000000 0.632817 0.383679 0.383679 0.383679
3383.498779 0.000000 2371.976074 0.000000 0.999642 0.000000 0.026760 0.495440 0.495440 0.495440
3357.689453 0.000000 2406.994385 0.000000 0.963360 0.000000 0.268213 0.453733 0.453733 0.453733
3348.374268 0.000000 2385.265381 0.000000 0.998427 0.000000 0.056071 0.490126 0.490126 0.490126
3390.779785 0.000000 2374.324707 0.000000 0.548144 0.000000 0.836384 0.335531 0.335531 0.335531
3354.922607 0.000000 2379.314453 0.000000 0.942630 0.000000 0.333840 0.443279 0.443279 0.443279
3385.971436 0.000000 2369.390137 0.000000 0.990502 0.000000 -0.137500 0.522900 0.522900 0.522900
3378.602783 0.000000 2377.593750 0.000000 0.999851 0.000000 0.017265 0.496961 0.496961 0.496961
3376.650635 0.000000 2373.173828 0.000000 0.598632 0.000000 0.801024 0.335330 0.335330 0.335330
3361.602295 0.000000 2396.588867 0.000000 0.535590 0.000000 0.844478 0.333052 0.333052 0.333052
3371.303223 0.000000 2386.098877 0.000000 0.986661 0.000000 0.162787 0.470812 0.470812 0.470812
3379.534668 0.000000 2367.858643 0.000000 0.925722 0.000000 -0.378204 0.568023 0.568023 0.568023
3389.473145 0.000000 2371.578857 0.000000 0.631378 0.000000 -0.775476 0.649000 0.649000 0.649000
3360.169434 0.000000 2369.227295 0.000000 0.951392 0.000000 -0.307983 0.554126 0.554126 0.554126
3350.581787 0.000000 2387.459473 0.000000 0.859820 0.000000 -0.510598 0.592312 0.592312 0.592312
3348.971436 0.000000 2379.047607 0.000000 0.736467 0.000000 -0.676474 0.625666 0.625666 0.625666
3352.423584 0.000000 2401.093018 0.000000 0.991508 0.000000 -0.130045 0.521977 0.521977 0.521977
3353.397705 0.000000 2381.955566 0.000000 0.222662 0.000000 -0.974896 0.739470 0.739470 0.739470
3355.887939 0.000000 2404.753174 0.000000 0.088607 0.000000 0.996067 0.235445 0.235445 0.235445
3357.986572 0.000000 2398.742432 0.000000 0.975280 0.000000 0.220971 0.460228 0.460228 0.460228
3380.198730 0.000000 2380.701416 0.000000 0.389038 0.000000 -0.921222 0.698831 0.698831 0.698831
3375.063965 0.000000 2379.196777 0.000000 0.211229 0.000000 0.977436 0.257599 0.257599 0.257599
3372.729492 0.000000 2377.283447 0.000000 0.305415 0.000000 0.952219 0.287597 0.287597 0.287597
3377.200195 0.000000 2383.719482 0.000000 0.104895 0.000000 0.994483 0.250259 0.250259 0.250259
3368.069824 0.000000 2390.103271 0.000000 0.597665 0.000000 0.801746 0.340341 0.340341 0.340341
3373.440186 0.000000 2387.980469 0.000000 0.318596 0.000000 -0.947891 0.719401 0.719401 0.719401
3368.771484 0.000000 2387.364014 0.000000 0.999747 0.000000 -0.022488 0.503958 0.503958 0.503958
3353.119873 0.000000 2406.903076 0.000000 0.922861 0.000000 -0.385134 0.570325 0.570325 0.570325
3371.833252 0.000000 2382.957031 0.000000 0.904366 0.000000 0.426757 0.422123 0.422123 0.422123
3374.683105 0.000000 2382.056641 0.000000 0.978880 0.000000 -0.204437 0.536109 0.536109 0.536109
3355.940430 0.000000 2396.950684 0.000000 0.971614 0.000000 -0.236573 0.540099 0.540099 0.540099
3370.188232 0.000000 2378.080811 0.000000 0.898756 0.000000 0.438449 0.423232 0.423232 0.423232
3375.981689 0.000000 2386.739502 0.000000 0.933560 0.000000 0.358422 0.437997 0.437997 0.437997
3372.951904 0.000000 2390.691895 0.000000 0.046367 0.000000 -0.998924 0.756889 0.756889 0.756889
3355.903809 0.000000 2402.137939 0.000000 0.818461 0.000000 -0.574562 0.609256 0.609256 0.609256
3381.315918 0.000000 2370.464844 0.000000 0.995153 0.000000 -0.098343 0.517522 0.517522 0.517522
3352.044922 0.000000 2379.891846 0.000000 0.498548 0.000000 -0.866862 0.682645 0.682645 0.682645
3354.990234 0.000000 2367.542725 0.000000 0.762751 0.000000 -0.646692 0.625530 0.625530 0.625530
3350.716553 0.000000 2384.210449 0.000000 0.263184 0.000000 -0.964746 0.732853 0.732853 0.732853
3377.742188 0.000000 2375.351318 0.000000 0.682118 0.000000 -0.731242 0.643838 0.643838 0.643838
3355.770020 0.000000 2385.000488 0.000000 0.785697 0.000000 -0.618612 0.615727 0.615727 0.615727
3375.296387 0.000000 2371.326904 0.000000 0.999927 0.000000 0.012123 0.497949 0.497949 0.497949
3350.982178 0.000000 2405.716309 0.000000 0.647637 0.000000 0.761949 0.350226 0.350226 0.350226
3358.592285 0.000000 2400.971436 0.000000 0.683591 0.000000 0.729866 0.356005 0.356005 0.356005
3379.496582 0.000000 2383.950684 0.000000 0.897339 0.000000 -0.441341 0.577884 0.577884 0.577884
3377.281982 0.000000 2368.081299 0.000000 0.573005 0.000000 0.819552 0.335719 0.335719 0.335719
3353.313721 0.000000 2387.660889 0.000000 0.016653 0.000000 -0.999861 0.767720 0.767720 0.767720
3381.413086 0.000000 2372.730713 0.000000 0.999756 0.000000 0.022076 0.496183 0.496183 0.496183
3355.359131 0.000000 2406.884033 0.000000 0.961036 0.000000 0.276423 0.450356 0.450356 0.450356
3378.812988 0.000000 2373.167725 0.000000 0.813546 0.000000 -0.581501 0.610774 0.610774 0.610774
3355.124268 0.000000 2369.898926 0.000000 0.964587 0.000000 0.263766 0.454186 0.454186 0.454186
3358.410400 0.000000 2367.494385 0.000000 0.814857 0.000000 -0.579662 0.610371 0.610371 0.610371
3390.879883 0.000000 2369.972168 0.000000 0.989045 0.000000 0.147612 0.474571 0.474571 0.474571
3376.821533 0.000000 2370.027832 0.000000 0.248900 0.000000 -0.968529 0.732197 0.732197 0.732197
3383.640381 0.000000 2369.982422 0.000000 0.304710 0.000000 -0.952445 0.719612 0.719612 0.719612
3353.910645 0.000000 2402.398438 0.000000 0.969698 0.000000 0.244305 0.457331 0.457331 0.457331
3376.698486 0.000000 2378.059814 0.000000 0.610044 0.000000 0.792367 0.336727 0.336727 0.336727
3348.831787 0.000000 2383.130615 0.000000 0.995967 0.000000 -0.089722 0.515532 0.515532 0.515532
3354.161133 0.000000 2383.739990 0.000000 0.266803 0.000000 -0.963751 0.726500 0.726500 0.726500
3378.761719 0.000000 2379.533936 0.000000 0.480994 0.000000 0.876724 0.309846 0.309846 0.309846
3356.835205 0.000000 2400.569580 0.000000 0.962487 0.000000 0.271328 0.450952 0.450952 0.450952
3352.343018 0.000000 2383.418213 0.000000 0.951014 0.000000 0.309147 0.443897 0.443897 0.443897
3354.292236 0.000000 2405.490723 0.000000 0.589400 0.000000 -0.807841 0.667879 0.667879 0.667879
3349.991455 0.000000 2385.843506 0.000000 0.888836 0.000000 -0.458226 0.583779 0.583779 0.583779
3373.056396 0.000000 2386.229980 0.000000 0.447404 0.000000 0.894332 0.305172 0.305172 0.305172
3350.717773 0.000000 2378.739990 0.000000 0.222413 0.000000 0.974953 0.261325 0.261325 0.261325
3381.000977 0.000000 2368.751953 0.000000 0.383230 0.000000 0.923653 0.289811 0.289811 0.289811
3372.290771 0.000000 2384.608154 0.000000 0.772276 0.000000 -0.635288 0.622878 0.622878 0.622878
3371.692139 0.000000 2387.763428 0.000000 0.877960 0.000000 0.478734 0.410889 0.410889 0.410889
3374.045166 0.000000 2380.517090 0.000000 0.888971 0.000000 -0.457963 0.584914 0.584914 0.584914
3361.203125 0.000000 2367.943604 0.000000 0.801483 0.000000 -0.598018 0.614025 0.614025 0.614025
3391.958740 0.000000 2370.715088 0.000000 0.211655 0.000000 0.977344 0.261913 0.261913 0.261913
3393.903564 0.000000 2376.883789 0.000000 0.993840 0.000000 -0.110827 0.517952 0.517952 0.517952
3395.754883 0.000000 2368.675537 0.000000 0.209127 0.000000 0.977889 0.267402 0.267402 0.267402
3394.866943 0.000000 2373.293213 0.000000 0.707498 0.000000 -0.706715 0.634709 0.634709 0.634709
3391.610840 0.000000 2374.105713 0.000000 0.927954 0.000000 0.372694 0.436595 0.436595 0.436595
3392.117920 0.000000 2367.571777 0.000000 0.375740 0.000000 0.926725 0.303166 0.303166 0.303166
3394.151367 0.000000 2370.340820 0.000000 0.651480 0.000000 0.758666 0.350025 0.350025 0.350025
3392.954102 0.000000 2372.506836 0.000000 0.999686 0.000000 0.025053 0.495606 0.495606 0.495606
3393.815186 0.000000 2368.451904 0.000000 0.994975 0.000000 0.100124 0.482536 0.482536 0.482536
4293.054688 0.000000 2815.265869 0.000000 0.881719 0.000000 0.471776 0.420580 0.420580 0.420580
4412.020020 0.000000 2748.064453 0.000000 0.401980 0.000000 -0.915649 0.684883 0.684883 0.684883
4374.196777 0.000000 2701.663574 0.000000 0.070094 0.000000 0.997540 0.257418 0.257418 0.257418
4446.395020 0.000000 2779.587402 0.000000 0.415849 0.000000 -0.909434 0.684593 0.684593 0.684593
4243.258301 0.000000 2863.650391 0.000000 0.915725 0.000000 -0.401805 0.567099 0.567099 0.567099
4337.838867 0.000000 2875.705078 0.000000 0.880725 0.000000 -0.473628 0.580376 0.580376 0.580376
4335.026855 0.000000 2880.725098 0.000000 0.949199 0.000000 0.314676 0.448453 0.448453 0.448453
4340.361328 0.000000 2886.600098 0.000000 0.956143 0.000000 -0.292899 0.547866 0.547866 0.547866
4338.696289 0.000000 2882.746094 0.000000 0.134714 0.000000 -0.990884 0.734767 0.734767 0.734767
4386.964844 0.000000 2879.859375 0.000000 0.992203 0.000000 -0.124634 0.520122 0.520122 0.520122
4367.674805 0.000000 2905.884521 0.000000 0.128775 0.000000 -0.991674 0.735746 0.735746 0.735746
4392.904297 0.000000 2881.368164 0.000000 0.077328 0.000000 -0.997006 0.742341 0.742341 0.742341
4364.075195 0.000000 2908.930664 0.000000 0.567180 0.000000 -0.823594 0.658849 0.658849 0.658849
4367.440430 0.000000 2909.426514 0.000000 0.226952 0.000000 -0.973906 0.722774 0.722774 0.722774
"}
