object={
	name="tree_leaf_high_generator_1_0"
	render_pass=Map
	clamp_to_water_level=no
	generated_content=yes
	layer="tree_high_layer"
	pdxmesh="tree_leaf_01_a_mesh"
	count=254
	transform="2874.840820 0.000000 1911.108154 0.000000 0.748319 0.000000 -0.663339 0.836214 0.836214 0.836214
2860.283447 0.000000 1910.815063 0.000000 0.837339 0.000000 0.546684 0.734154 0.734154 0.734154
2863.350342 0.000000 1908.778076 0.000000 0.702120 0.000000 0.712058 0.684466 0.684466 0.684466
2862.246826 0.000000 1912.717041 0.000000 0.519506 0.000000 0.854467 0.493067 0.493067 0.493067
2864.911621 0.000000 1910.046753 0.000000 0.270546 0.000000 0.962707 0.432207 0.432207 0.432207
2864.113281 0.000000 1915.946777 0.000000 0.343974 0.000000 -0.938979 1.165390 1.165390 1.165390
2876.218262 0.000000 1907.325806 0.000000 0.693817 0.000000 0.720151 0.602484 0.602484 0.602484
2879.650146 0.000000 1913.935791 0.000000 0.301385 0.000000 0.953503 0.595409 0.595409 0.595409
2884.982422 0.000000 1916.074585 0.000000 0.247468 0.000000 -0.968896 1.074333 1.074333 1.074333
2895.180176 0.000000 1919.520996 0.000000 0.986674 0.000000 0.162707 0.751038 0.751038 0.751038
2883.451172 0.000000 1918.967529 0.000000 0.891927 0.000000 0.452180 0.687545 0.687545 0.687545
2897.429443 0.000000 1916.589600 0.000000 0.458886 0.000000 0.888495 0.476607 0.476607 0.476607
2894.377930 0.000000 1916.995483 0.000000 0.509248 0.000000 -0.860620 1.110516 1.110516 1.110516
2879.687012 0.000000 1908.823120 0.000000 0.826974 0.000000 0.562240 0.628275 0.628275 0.628275
2879.964600 0.000000 1910.467285 0.000000 0.092370 0.000000 0.995725 0.368934 0.368934 0.368934
2878.147949 0.000000 1946.587524 0.000000 0.326513 0.000000 -0.945193 0.985471 0.985471 0.985471
2871.480957 0.000000 1933.223022 0.000000 0.606544 0.000000 0.795050 0.662327 0.662327 0.662327
2876.270264 0.000000 1931.975220 0.000000 0.314409 0.000000 0.949288 0.612615 0.612615 0.612615
2875.045898 0.000000 1935.269897 0.000000 0.762183 0.000000 0.647362 0.694528 0.694528 0.694528
2879.556396 0.000000 1955.889404 0.000000 0.333532 0.000000 0.942739 0.615643 0.615643 0.615643
2872.365234 0.000000 1935.436035 0.000000 0.654085 0.000000 0.756421 0.671504 0.671504 0.671504
2866.875488 0.000000 1925.277100 0.000000 0.264560 0.000000 0.964369 0.552763 0.552763 0.552763
2879.486084 0.000000 1934.891724 0.000000 0.524253 0.000000 -0.851562 0.952633 0.952633 0.952633
2870.525635 0.000000 1926.595215 0.000000 0.773350 0.000000 0.633979 0.661481 0.661481 0.661481
2868.472168 0.000000 1930.458984 0.000000 0.443903 0.000000 -0.896075 1.012988 1.012988 1.012988
2871.615967 0.000000 1929.520508 0.000000 0.169999 0.000000 0.985444 0.428123 0.428123 0.428123
2868.269775 0.000000 1928.532837 0.000000 0.329872 0.000000 -0.944026 1.123026 1.123026 1.123026
2878.696533 0.000000 1939.867188 0.000000 0.999168 0.000000 0.040773 0.787781 0.787781 0.787781
2868.063721 0.000000 1924.070435 0.000000 0.855854 0.000000 -0.517217 0.956340 0.956340 0.956340
2921.062500 0.000000 1953.964233 0.000000 0.876669 0.000000 -0.481093 0.826063 0.826063 0.826063
2916.935547 0.000000 1948.571167 0.000000 0.267211 0.000000 -0.963638 0.864925 0.864925 0.864925
2899.121582 0.000000 1981.376831 0.000000 0.738070 0.000000 -0.674724 0.856207 0.856207 0.856207
2892.134521 0.000000 1928.398804 0.000000 0.287608 0.000000 -0.957748 0.894520 0.894520 0.894520
2916.982422 0.000000 1980.960938 0.000000 0.082894 0.000000 0.996558 0.131411 0.131411 0.131411
2902.636475 0.000000 1939.568848 0.000000 0.248859 0.000000 0.968540 0.668253 0.668253 0.668253
2904.167969 0.000000 1944.845337 0.000000 0.965818 0.000000 -0.259220 0.826185 0.826185 0.826185
2882.456787 0.000000 1959.473511 0.000000 0.751112 0.000000 0.660175 0.735195 0.735195 0.735195
2889.310303 0.000000 1923.511841 0.000000 0.609792 0.000000 -0.792561 1.211181 1.211181 1.211181
2924.275635 0.000000 1974.799438 0.000000 0.891435 0.000000 0.453148 0.744582 0.744582 0.744582
2915.188721 0.000000 1950.774780 0.000000 0.872767 0.000000 -0.488137 0.876387 0.876387 0.876387
2910.765869 0.000000 1940.993408 0.000000 0.487643 0.000000 0.873043 0.668567 0.668567 0.668567
2923.026611 0.000000 1964.484863 0.000000 0.640285 0.000000 0.768137 0.668792 0.668792 0.668792
2914.861084 0.000000 1942.547119 0.000000 0.999460 0.000000 0.032859 0.795996 0.795996 0.795996
2918.445557 0.000000 1950.606323 0.000000 0.424155 0.000000 -0.905590 0.969680 0.969680 0.969680
2925.548340 0.000000 1980.038086 0.000000 0.986359 0.000000 0.164608 0.775230 0.775230 0.775230
2895.312988 0.000000 1971.232056 0.000000 0.995459 0.000000 -0.095194 0.814281 0.814281 0.814281
2891.927979 0.000000 1922.572998 0.000000 0.293418 0.000000 0.955984 0.238113 0.238113 0.238113
2912.444580 0.000000 1946.205933 0.000000 0.330601 0.000000 -0.943770 0.984823 0.984823 0.984823
2902.771240 0.000000 1936.319946 0.000000 0.979263 0.000000 -0.202591 0.829336 0.829336 0.829336
2921.293701 0.000000 1960.595337 0.000000 0.664350 0.000000 0.747422 0.673549 0.673549 0.673549
2923.295166 0.000000 1962.129395 0.000000 0.999316 0.000000 -0.036994 0.805543 0.805543 0.805543
2881.938477 0.000000 1951.458252 0.000000 0.923545 0.000000 -0.383490 0.854238 0.854238 0.854238
2896.086426 0.000000 1962.438599 0.000000 0.779023 0.000000 0.626995 0.698487 0.698487 0.698487
2915.101562 0.000000 1982.777466 0.000000 0.949920 0.000000 0.312494 0.638137 0.638137 0.638137
2897.272705 0.000000 1966.840576 0.000000 0.354829 0.000000 -0.934931 0.980960 0.980960 0.980960
2906.144531 0.000000 1977.634277 0.000000 0.450809 0.000000 -0.892621 0.965240 0.965240 0.965240
2927.457031 0.000000 1965.506592 0.000000 0.877612 0.000000 0.479372 0.725113 0.725113 0.725113
2900.199219 0.000000 1933.198120 0.000000 0.359057 0.000000 -0.933315 0.980282 0.980282 0.980282
2902.625244 0.000000 1979.633911 0.000000 0.975188 0.000000 -0.221380 0.833438 0.833438 0.833438
2903.736572 0.000000 1973.825806 0.000000 0.909925 0.000000 -0.414773 0.864065 0.864065 0.864065
2919.181152 0.000000 1952.832642 0.000000 0.158782 0.000000 0.987314 0.588591 0.588591 0.588591
2896.037109 0.000000 1932.059326 0.000000 0.364497 0.000000 0.931205 0.575143 0.575143 0.575143
2880.434326 0.000000 1941.550049 0.000000 0.997810 0.000000 0.066152 0.788762 0.788762 0.788762
2893.507568 0.000000 1932.562988 0.000000 0.822419 0.000000 0.568883 0.675512 0.675512 0.675512
2890.811768 0.000000 1926.929565 0.000000 0.984341 0.000000 -0.176275 0.833268 0.833268 0.833268
2906.215820 0.000000 1935.849243 0.000000 0.843352 0.000000 -0.537362 0.906506 0.906506 0.906506
2907.127930 0.000000 1938.990479 0.000000 0.409208 0.000000 0.912441 0.522275 0.522275 0.522275
2921.969727 0.000000 1981.614502 0.000000 0.172798 0.000000 -0.984957 1.182284 1.182284 1.182284
2889.522217 0.000000 1921.535645 0.000000 0.732499 0.000000 -0.680768 1.013864 1.013864 1.013864
2892.870117 0.000000 1919.625732 0.000000 0.998337 0.000000 -0.057650 0.817281 0.817281 0.817281
2887.615479 0.000000 1922.744141 0.000000 0.881650 0.000000 -0.471905 0.933490 0.933490 0.933490
2904.221436 0.000000 1977.834717 0.000000 0.950396 0.000000 -0.311042 0.871383 0.871383 0.871383
2904.397705 0.000000 1935.527588 0.000000 0.958003 0.000000 0.286757 0.741332 0.741332 0.741332
2920.482422 0.000000 1976.714600 0.000000 0.175912 0.000000 -0.984406 1.081192 1.081192 1.081192
2913.387695 0.000000 1982.423218 0.000000 0.988128 0.000000 -0.153633 0.866850 0.866850 0.866850
2888.149414 0.000000 1924.789795 0.000000 0.581000 0.000000 0.813904 0.437281 0.437281 0.437281
2912.002197 0.000000 1981.430054 0.000000 0.990799 0.000000 -0.135338 0.836061 0.836061 0.836061
2890.003418 0.000000 1925.051392 0.000000 0.492058 0.000000 0.870562 0.350619 0.350619 0.350619
2909.048340 0.000000 1941.208130 0.000000 0.552270 0.000000 -0.833665 1.055931 1.055931 1.055931
2885.375732 0.000000 1920.077271 0.000000 0.819396 0.000000 -0.573228 0.953619 0.953619 0.953619
2921.143555 0.000000 1980.106934 0.000000 0.037132 0.000000 0.999310 0.380358 0.380358 0.380358
2879.894531 0.000000 1936.455200 0.000000 0.336113 0.000000 0.941822 0.432106 0.432106 0.432106
2896.021240 0.000000 2045.657104 0.000000 0.087560 0.000000 -0.996159 0.835546 0.835546 0.835546
2885.226318 0.000000 2047.453247 0.000000 0.434129 0.000000 0.900851 0.773116 0.773116 0.773116
2898.400879 0.000000 2025.874268 0.000000 0.410266 0.000000 -0.911966 1.313617 1.313617 1.313617
2895.690674 0.000000 1991.071533 0.000000 0.356497 0.000000 0.934296 0.718086 0.718086 0.718086
2900.428955 0.000000 2001.359131 0.000000 0.717482 0.000000 0.696577 0.755366 0.755366 0.755366
2888.554443 0.000000 2042.162354 0.000000 0.867305 0.000000 -0.497777 1.024776 1.024776 1.024776
2923.357910 0.000000 2002.192505 0.000000 0.999891 0.000000 -0.014788 0.801359 0.801359 0.801359
2902.636475 0.000000 2003.553223 0.000000 0.967541 0.000000 -0.252716 0.822962 0.822962 0.822962
2893.676270 0.000000 2026.896973 0.000000 0.798888 0.000000 -0.601480 0.854135 0.854135 0.854135
2898.846924 0.000000 1999.268799 0.000000 0.837391 0.000000 0.546604 0.722614 0.722614 0.722614
2926.745605 0.000000 2011.338135 0.000000 0.101669 0.000000 -0.994818 0.990700 0.990700 0.990700
2938.512207 0.000000 2003.859863 0.000000 0.036615 0.000000 -0.999329 1.029808 1.029808 1.029808
2933.322510 0.000000 2001.924927 0.000000 0.978061 0.000000 0.208319 0.768565 0.768565 0.768565
2895.864502 0.000000 2043.144287 0.000000 0.925076 0.000000 -0.379782 0.952497 0.952497 0.952497
2925.253174 0.000000 1990.936279 0.000000 0.029218 0.000000 -0.999573 1.030917 1.030917 1.030917
2918.445557 0.000000 2014.590698 0.000000 0.871362 0.000000 0.490642 0.736497 0.736497 0.736497
2917.039795 0.000000 2010.054443 0.000000 0.808100 0.000000 0.589045 0.710681 0.710681 0.710681
2896.909912 0.000000 2022.484863 0.000000 0.348638 0.000000 0.937257 0.225037 0.225037 0.225037
2908.616455 0.000000 1993.619141 0.000000 0.937949 0.000000 -0.346772 0.848802 0.848802 0.848802
2902.771240 0.000000 2000.304321 0.000000 0.781891 0.000000 0.623415 0.699174 0.699174 0.699174
2900.832520 0.000000 2025.871948 0.000000 0.286345 0.000000 -0.958126 0.984121 0.984121 0.984121
2928.167969 0.000000 2014.091797 0.000000 0.852512 0.000000 0.522707 0.717610 0.717610 0.717610
2929.796875 0.000000 1991.445190 0.000000 0.662527 0.000000 -0.749038 0.928507 0.928507 0.928507
2898.055908 0.000000 1985.677612 0.000000 0.904313 0.000000 0.426870 0.733937 0.733937 0.733937
2896.086426 0.000000 2026.422974 0.000000 0.687342 0.000000 0.726334 0.535337 0.535337 0.535337
2917.642578 0.000000 1994.652466 0.000000 0.348761 0.000000 -0.937212 0.974653 0.974653 0.974653
2890.885010 0.000000 2043.065674 0.000000 0.955667 0.000000 -0.294451 0.856112 0.856112 0.856112
2931.551270 0.000000 2000.044434 0.000000 0.513360 0.000000 -0.858174 0.954542 0.954542 0.954542
2888.227295 0.000000 2046.614014 0.000000 0.787879 0.000000 -0.615830 1.137887 1.137887 1.137887
2891.220215 0.000000 2038.445312 0.000000 0.063106 0.000000 -0.998007 1.462450 1.462450 1.462450
2900.181396 0.000000 2023.784546 0.000000 0.991516 0.000000 0.129982 0.779693 0.779693 0.779693
2935.627441 0.000000 2001.931641 0.000000 0.252206 0.000000 0.967674 0.602897 0.602897 0.602897
2900.199219 0.000000 1997.182495 0.000000 0.606301 0.000000 0.795235 0.656772 0.656772 0.656772
2919.181152 0.000000 2016.817017 0.000000 0.366148 0.000000 -0.930557 0.979142 0.979142 0.979142
2929.836670 0.000000 2004.345215 0.000000 0.714003 0.000000 -0.700143 0.916179 0.916179 0.916179
2923.093750 0.000000 2018.692505 0.000000 0.380661 0.000000 -0.924715 0.976798 0.976798 0.976798
2894.853271 0.000000 2041.198242 0.000000 0.997290 0.000000 0.073567 0.776764 0.776764 0.776764
2896.954346 0.000000 2011.985229 0.000000 0.669814 0.000000 -0.742529 1.035663 1.035663 1.035663
2910.465088 0.000000 1983.588135 0.000000 0.317164 0.000000 0.948371 0.570674 0.570674 0.570674
2910.104980 0.000000 1990.217285 0.000000 0.081531 0.000000 -0.996671 1.246136 1.246136 1.246136
2912.014160 0.000000 1987.368286 0.000000 0.186363 0.000000 -0.982481 1.214428 1.214428 1.214428
2915.054443 0.000000 1989.214722 0.000000 0.999957 0.000000 0.009275 0.798110 0.798110 0.798110
2908.429688 0.000000 1996.769897 0.000000 0.155748 0.000000 0.987797 0.531633 0.531633 0.531633
2917.125732 0.000000 1984.156372 0.000000 0.970317 0.000000 0.241835 0.733654 0.733654 0.733654
2887.971924 0.000000 2040.252319 0.000000 0.183069 0.000000 -0.983100 1.132346 1.132346 1.132346
2925.513184 0.000000 1986.524414 0.000000 0.320171 0.000000 -0.947360 1.108306 1.108306 1.108306
2928.753174 0.000000 1994.153442 0.000000 0.283481 0.000000 0.958978 0.428335 0.428335 0.428335
2897.539062 0.000000 1991.689697 0.000000 0.103988 0.000000 -0.994579 1.060698 1.060698 1.060698
2891.936279 0.000000 2045.062622 0.000000 0.058552 0.000000 0.998284 0.029837 0.029837 0.029837
2906.215820 0.000000 1999.833618 0.000000 0.699266 0.000000 0.714861 0.631391 0.631391 0.631391
2897.615723 0.000000 2027.645264 0.000000 0.016293 0.000000 -0.999867 1.306068 1.306068 1.306068
2907.127930 0.000000 2002.974854 0.000000 0.739650 0.000000 -0.672992 0.971037 0.971037 0.971037
2899.876221 0.000000 2006.859375 0.000000 0.054415 0.000000 -0.998518 1.178565 1.178565 1.178565
2897.927246 0.000000 2024.069336 0.000000 0.449466 0.000000 0.893298 0.352140 0.352140 0.352140
2896.546143 0.000000 1989.109009 0.000000 0.781289 0.000000 0.624169 0.674797 0.674797 0.674797
2926.830078 0.000000 1989.399292 0.000000 0.230001 0.000000 -0.973190 1.115501 1.115501 1.115501
2901.091309 0.000000 1993.221069 0.000000 0.998830 0.000000 -0.048369 0.811984 0.811984 0.811984
2898.071045 0.000000 2006.205688 0.000000 0.987832 0.000000 0.155522 0.761015 0.761015 0.761015
2912.815430 0.000000 1991.331177 0.000000 0.893218 0.000000 -0.449625 0.942505 0.942505 0.942505
2915.949707 0.000000 1985.901123 0.000000 0.914778 0.000000 -0.403956 0.986869 0.986869 0.986869
2899.716064 0.000000 2027.328125 0.000000 0.745153 0.000000 0.666894 0.566712 0.566712 0.566712
2893.036377 0.000000 2038.088745 0.000000 0.719696 0.000000 -0.694289 1.022248 1.022248 1.022248
2888.581787 0.000000 2044.022583 0.000000 0.911250 0.000000 -0.411854 0.989060 0.989060 0.989060
2914.031982 0.000000 1985.538086 0.000000 0.859262 0.000000 -0.511536 1.041304 1.041304 1.041304
2904.397705 0.000000 1999.511963 0.000000 0.999888 0.000000 0.014981 0.796050 0.796050 0.796050
2899.758301 0.000000 1990.794189 0.000000 0.955851 0.000000 0.293853 0.710647 0.710647 0.710647
2896.576660 0.000000 2008.311157 0.000000 0.967151 0.000000 0.254202 0.725053 0.725053 0.725053
2886.874268 0.000000 2042.825928 0.000000 0.355293 0.000000 -0.934755 1.197947 1.197947 1.197947
2925.367920 0.000000 1984.745605 0.000000 0.100888 0.000000 -0.994898 1.225635 1.225635 1.225635
2895.013428 0.000000 2022.196899 0.000000 0.989756 0.000000 0.142771 0.767954 0.767954 0.767954
2902.420898 0.000000 2008.473267 0.000000 0.956604 0.000000 0.291391 0.726182 0.726182 0.726182
2905.248047 0.000000 1994.701416 0.000000 0.060044 0.000000 -0.998196 1.252589 1.252589 1.252589
2903.722412 0.000000 1991.657593 0.000000 0.846245 0.000000 0.532793 0.631663 0.631663 0.631663
2897.555176 0.000000 2009.879639 0.000000 0.040602 0.000000 -0.999175 1.246197 1.246197 1.246197
2891.092041 0.000000 2046.536133 0.000000 0.824121 0.000000 0.566414 0.541434 0.541434 0.541434
2912.149414 0.000000 1997.166626 0.000000 0.995250 0.000000 0.097353 0.773125 0.773125 0.773125
2913.257812 0.000000 1984.037354 0.000000 0.929932 0.000000 0.367732 0.672896 0.672896 0.672896
2903.605957 0.000000 2007.236938 0.000000 0.107793 0.000000 0.994173 0.367611 0.367611 0.367611
2907.082275 0.000000 1997.854492 0.000000 0.209491 0.000000 0.977811 0.400788 0.400788 0.400788
2893.763916 0.000000 2036.611572 0.000000 0.995579 0.000000 0.093928 0.768061 0.768061 0.768061
3450.207764 0.000000 2018.709229 0.000000 0.958223 0.000000 -0.286021 0.829546 0.829546 0.829546
3451.229004 0.000000 2016.980957 0.000000 0.714434 0.000000 0.699703 0.577114 0.577114 0.577114
3438.176514 0.000000 2040.685791 0.000000 0.380961 0.000000 -0.924591 1.228913 1.228913 1.228913
3462.656982 0.000000 2037.784424 0.000000 0.546525 0.000000 0.837443 0.480828 0.480828 0.480828
2895.231934 0.000000 2080.448975 0.000000 0.926088 0.000000 -0.377307 0.809272 0.809272 0.809272
2921.007568 0.000000 2091.023682 0.000000 0.978990 0.000000 0.203908 0.699108 0.699108 0.699108
2898.023438 0.000000 2060.808105 0.000000 0.011547 0.000000 -0.999933 1.559863 1.559863 1.559863
2924.189697 0.000000 2110.265381 0.000000 0.324026 0.000000 -0.946048 1.369986 1.369986 1.369986
2927.280273 0.000000 2103.036377 0.000000 0.064966 0.000000 0.997887 0.703763 0.703763 0.703763
2892.134521 0.000000 2056.367432 0.000000 0.947443 0.000000 0.319926 0.645204 0.645204 0.645204
2912.593506 0.000000 2085.417725 0.000000 0.985314 0.000000 -0.170754 0.878139 0.878139 0.878139
2889.310303 0.000000 2051.480469 0.000000 0.047236 0.000000 -0.998884 1.411619 1.411619 1.411619
2904.478271 0.000000 2081.171143 0.000000 0.384324 0.000000 0.923198 0.703675 0.703675 0.703675
2913.696289 0.000000 2082.518555 0.000000 0.912074 0.000000 0.410025 0.614365 0.614365 0.614365
2908.356201 0.000000 2073.801025 0.000000 0.933733 0.000000 -0.357969 0.840946 0.840946 0.840946
2917.086914 0.000000 2102.278564 0.000000 0.010492 0.000000 0.999945 0.182972 0.182972 0.182972
2896.980469 0.000000 2057.789551 0.000000 0.220909 0.000000 0.975294 0.659996 0.659996 0.659996
2908.825195 0.000000 2093.803467 0.000000 0.975852 0.000000 0.218432 0.772732 0.772732 0.772732
2915.188721 0.000000 2078.743652 0.000000 0.712571 0.000000 0.701600 0.688174 0.688174 0.688174
2923.026611 0.000000 2092.453613 0.000000 0.875243 0.000000 -0.483683 1.037964 1.037964 1.037964
2901.693359 0.000000 2081.232910 0.000000 0.389120 0.000000 -0.921187 1.337972 1.337972 1.337972
2904.099609 0.000000 2059.969971 0.000000 0.915916 0.000000 -0.401370 0.957553 0.957553 0.957553
2925.548340 0.000000 2108.006836 0.000000 0.651842 0.000000 0.758355 0.406304 0.406304 0.406304
2897.497559 0.000000 2079.536133 0.000000 0.920797 0.000000 0.390041 0.620745 0.620745 0.620745
2921.293701 0.000000 2088.564209 0.000000 0.098657 0.000000 -0.995122 1.379159 1.379159 1.379159
2921.572998 0.000000 2111.431152 0.000000 0.804176 0.000000 0.594392 0.557189 0.557189 0.557189
2910.646973 0.000000 2081.049561 0.000000 0.007872 0.000000 -0.999969 1.096546 1.096546 1.096546
2910.093262 0.000000 2098.417480 0.000000 0.895542 0.000000 0.444978 0.650794 0.650794 0.650794
2911.458496 0.000000 2089.721680 0.000000 0.928382 0.000000 0.371626 0.657032 0.657032 0.657032
2910.502441 0.000000 2073.057373 0.000000 0.239757 0.000000 0.970833 0.306413 0.306413 0.306413
2913.138672 0.000000 2101.468750 0.000000 0.604477 0.000000 0.796622 0.466810 0.466810 0.466810
2922.818848 0.000000 2101.115967 0.000000 0.703768 0.000000 0.710430 0.661133 0.661133 0.661133
2900.199219 0.000000 2061.166992 0.000000 0.974984 0.000000 -0.222276 0.904756 0.904756 0.904756
2907.413818 0.000000 2086.962158 0.000000 0.320080 0.000000 0.947391 0.359885 0.359885 0.359885
2896.037109 0.000000 2060.028076 0.000000 0.684717 0.000000 -0.728809 1.046267 1.046267 1.046267
2898.862549 0.000000 2058.783447 0.000000 0.990239 0.000000 -0.139382 0.826532 0.826532 0.826532
2911.878418 0.000000 2077.850342 0.000000 0.470754 0.000000 0.882265 0.502152 0.502152 0.502152
2915.315430 0.000000 2101.213379 0.000000 0.322160 0.000000 -0.946685 1.197143 1.197143 1.197143
2893.666504 0.000000 2054.712646 0.000000 0.106591 0.000000 0.994303 0.510528 0.510528 0.510528
2894.413574 0.000000 2056.569336 0.000000 0.697717 0.000000 0.716373 0.567134 0.567134 0.567134
2890.811768 0.000000 2054.898438 0.000000 0.236841 0.000000 0.971548 0.156355 0.156355 0.156355
2926.031494 0.000000 2111.157471 0.000000 0.265862 0.000000 0.964011 0.568618 0.568618 0.568618
2905.965332 0.000000 2082.476562 0.000000 0.389392 0.000000 0.921072 0.460930 0.460930 0.460930
2912.185547 0.000000 2098.788574 0.000000 0.091728 0.000000 -0.995784 1.331683 1.331683 1.331683
2922.942871 0.000000 2097.296387 0.000000 0.336099 0.000000 -0.941827 1.189973 1.189973 1.189973
2914.406494 0.000000 2086.214600 0.000000 0.146628 0.000000 0.989192 0.487232 0.487232 0.487232
2900.886475 0.000000 2063.208740 0.000000 0.736840 0.000000 -0.676067 0.979416 0.979416 0.979416
2910.686768 0.000000 2085.221191 0.000000 0.885859 0.000000 -0.463955 0.898285 0.898285 0.898285
2915.053711 0.000000 2089.186523 0.000000 0.683946 0.000000 -0.729533 0.951871 0.951871 0.951871
2921.969727 0.000000 2109.583252 0.000000 0.454716 0.000000 -0.890636 1.188418 1.188418 1.188418
2889.522217 0.000000 2049.504395 0.000000 0.034782 0.000000 0.999395 0.100548 0.100548 0.100548
2921.347656 0.000000 2086.561279 0.000000 0.963068 0.000000 -0.269258 0.893108 0.893108 0.893108
2903.611816 0.000000 2083.033447 0.000000 0.013336 0.000000 -0.999911 1.447009 1.447009 1.447009
2912.215088 0.000000 2083.616455 0.000000 0.115316 0.000000 0.993329 0.160586 0.160586 0.160586
2923.796631 0.000000 2098.873047 0.000000 0.977928 0.000000 0.208944 0.744086 0.744086 0.744086
2920.482422 0.000000 2104.683350 0.000000 0.838017 0.000000 -0.545645 1.047835 1.047835 1.047835
2892.379639 0.000000 2058.192871 0.000000 0.497143 0.000000 0.867668 0.544034 0.544034 0.544034
2925.987061 0.000000 2095.463135 0.000000 0.684877 0.000000 0.728659 0.563582 0.563582 0.563582
2924.006348 0.000000 2095.458008 0.000000 0.031252 0.000000 -0.999512 1.245850 1.245850 1.245850
2916.120605 0.000000 2103.983643 0.000000 0.853118 0.000000 0.521718 0.582950 0.582950 0.582950
2905.248047 0.000000 2058.685791 0.000000 0.989290 0.000000 0.145964 0.744119 0.744119 0.744119
2902.772461 0.000000 2058.818115 0.000000 0.657722 0.000000 -0.753261 1.047030 1.047030 1.047030
2888.149414 0.000000 2052.758545 0.000000 0.374747 0.000000 -0.927127 1.164990 1.164990 1.164990
2913.927490 0.000000 2084.389893 0.000000 0.630469 0.000000 0.776214 0.395340 0.395340 0.395340
2912.299072 0.000000 2081.545898 0.000000 0.609546 0.000000 -0.792751 1.216805 1.216805 1.216805
2890.003418 0.000000 2053.020020 0.000000 0.913276 0.000000 -0.407341 0.930716 0.930716 0.930716
2921.143555 0.000000 2108.075684 0.000000 0.969058 0.000000 -0.246834 0.888170 0.888170 0.888170
2888.868896 0.000000 2047.641724 0.000000 0.561643 0.000000 -0.827379 1.296271 1.296271 1.296271
2913.549805 0.000000 2078.310791 0.000000 0.685155 0.000000 -0.728397 1.169943 1.169943 1.169943
2905.679932 0.000000 2060.367676 0.000000 0.424915 0.000000 0.905233 0.332029 0.332029 0.332029
2930.868164 0.000000 2114.933594 0.000000 0.949034 0.000000 0.315173 0.782069 0.782069 0.782069
2919.078613 0.000000 2111.538330 0.000000 0.986068 0.000000 -0.166340 0.818024 0.818024 0.818024
2923.591309 0.000000 2114.194580 0.000000 0.585787 0.000000 -0.810465 1.228413 1.228413 1.228413
2925.253174 0.000000 2118.905029 0.000000 0.887134 0.000000 -0.461511 1.009818 1.009818 1.009818
2929.796875 0.000000 2119.413818 0.000000 0.254802 0.000000 -0.966993 1.279950 1.279950 1.279950
2927.351074 0.000000 2115.389404 0.000000 0.644424 0.000000 -0.764668 1.154684 1.154684 1.154684
2929.336670 0.000000 2112.143799 0.000000 0.889603 0.000000 -0.456734 0.866313 0.866313 0.866313
2922.840332 0.000000 2116.394287 0.000000 0.084004 0.000000 0.996465 0.286314 0.286314 0.286314
2928.876221 0.000000 2114.090332 0.000000 0.477213 0.000000 0.878788 0.506318 0.506318 0.506318
2925.513184 0.000000 2114.493164 0.000000 0.106791 0.000000 -0.994282 1.425642 1.425642 1.425642
2926.830078 0.000000 2117.367920 0.000000 0.957407 0.000000 0.288743 0.683581 0.683581 0.683581
2922.117432 0.000000 2112.086914 0.000000 0.742845 0.000000 0.669463 0.537775 0.537775 0.537775
2925.367920 0.000000 2112.714355 0.000000 0.998542 0.000000 -0.053980 0.823514 0.823514 0.823514
2923.764404 0.000000 2117.881836 0.000000 0.864132 0.000000 -0.503265 0.982219 0.982219 0.982219
2928.139648 0.000000 2118.819580 0.000000 0.563421 0.000000 0.826170 0.444639 0.444639 0.444639
2926.476562 0.000000 2121.754395 0.000000 0.968858 0.000000 -0.247616 0.884457 0.884457 0.884457
3423.087646 0.000000 2056.092041 0.000000 0.230202 0.000000 0.973143 0.655640 0.655640 0.655640
3419.932617 0.000000 2077.028809 0.000000 0.793122 0.000000 0.609062 0.734603 0.734603 0.734603
3417.096680 0.000000 2077.968994 0.000000 0.069961 0.000000 -0.997550 0.973850 0.973850 0.973850
3424.752930 0.000000 2055.315430 0.000000 0.774305 0.000000 -0.632813 1.038113 1.038113 1.038113
3388.121094 0.000000 2130.125977 0.000000 0.526966 0.000000 0.849886 0.649874 0.649874 0.649874
3337.277344 0.000000 2130.324219 0.000000 0.483092 0.000000 -0.875570 1.183451 1.183451 1.183451
"}
