object={
	name="tree_leaf_high_generator_3_0"
	render_pass=Map
	clamp_to_water_level=no
	generated_content=yes
	layer="tree_high_layer"
	pdxmesh="tree_leaf_01_c_mesh"
	count=222
	transform="2861.299805 0.000000 1908.002197 0.000000 0.713220 0.000000 -0.700940 0.811169 0.811169 0.811169
2866.018311 0.000000 1915.939331 0.000000 0.603320 0.000000 -0.797500 0.830422 0.830422 0.830422
2866.832031 0.000000 1910.112427 0.000000 0.876471 0.000000 -0.481454 0.810233 0.810233 0.810233
2877.823730 0.000000 1906.633057 0.000000 0.091224 0.000000 -0.995830 0.909032 0.909032 0.909032
2860.603027 0.000000 1913.768555 0.000000 0.684824 0.000000 0.728709 0.776030 0.776030 0.776030
2879.015137 0.000000 1911.616699 0.000000 0.996925 0.000000 -0.078358 0.806862 0.806862 0.806862
2873.325928 0.000000 1903.241821 0.000000 0.476271 0.000000 0.879299 0.769100 0.769100 0.769100
2863.288086 0.000000 1911.083252 0.000000 0.088109 0.000000 0.996111 0.666753 0.666753 0.666753
2863.364746 0.000000 1917.748047 0.000000 0.920255 0.000000 -0.391319 0.816622 0.816622 0.816622
2863.536133 0.000000 1914.172241 0.000000 0.982456 0.000000 -0.186496 0.816860 0.816860 0.816860
2876.534912 0.000000 1909.008911 0.000000 0.864253 0.000000 0.503057 0.764626 0.764626 0.764626
2885.210205 0.000000 1914.102905 0.000000 0.877699 0.000000 -0.479212 0.808085 0.808085 0.808085
2890.010498 0.000000 1917.244751 0.000000 0.724551 0.000000 -0.689221 0.818680 0.818680 0.818680
2896.021240 0.000000 1917.688354 0.000000 0.900432 0.000000 0.434997 0.760092 0.760092 0.760092
2885.226318 0.000000 1919.484497 0.000000 0.447900 0.000000 -0.894084 0.899437 0.899437 0.899437
2880.948730 0.000000 1912.092896 0.000000 0.890509 0.000000 -0.454965 0.830282 0.830282 0.830282
2883.133789 0.000000 1916.848511 0.000000 0.234204 0.000000 0.972187 0.727243 0.727243 0.727243
2893.348145 0.000000 1918.411011 0.000000 0.990811 0.000000 -0.135255 0.812194 0.812194 0.812194
2874.067139 0.000000 1933.056763 0.000000 0.509647 0.000000 -0.860383 0.836625 0.836625 0.836625
2876.926514 0.000000 1955.683105 0.000000 0.934035 0.000000 0.357181 0.787963 0.787963 0.787963
2868.540527 0.000000 1926.834473 0.000000 0.250507 0.000000 -0.968115 0.918420 0.918420 0.918420
2877.086182 0.000000 1940.354858 0.000000 0.943488 0.000000 0.331406 0.771665 0.771665 0.771665
2877.670654 0.000000 1929.799072 0.000000 0.924962 0.000000 -0.380060 0.809344 0.809344 0.809344
2877.437744 0.000000 1935.997314 0.000000 0.943469 0.000000 0.331462 0.784818 0.784818 0.784818
2870.352539 0.000000 1930.795044 0.000000 0.896506 0.000000 -0.443031 0.837951 0.837951 0.837951
2877.672119 0.000000 1949.432617 0.000000 0.413297 0.000000 0.910596 0.764334 0.764334 0.764334
2866.875977 0.000000 1922.980469 0.000000 0.988167 0.000000 0.153385 0.791880 0.791880 0.791880
2871.561279 0.000000 1924.085571 0.000000 0.163018 0.000000 0.986623 0.744358 0.744358 0.744358
2878.315430 0.000000 1943.847046 0.000000 0.027378 0.000000 -0.999625 0.908198 0.908198 0.908198
2879.635986 0.000000 1941.400513 0.000000 0.205607 0.000000 0.978635 0.677435 0.677435 0.677435
2900.614746 0.000000 1978.577515 0.000000 0.869045 0.000000 -0.494732 0.821706 0.821706 0.821706
2881.150879 0.000000 1935.387695 0.000000 0.497608 0.000000 -0.867402 0.807549 0.807549 0.807549
2881.624512 0.000000 1962.542603 0.000000 0.688673 0.000000 0.725072 0.763549 0.763549 0.763549
2891.030273 0.000000 1920.318115 0.000000 0.274157 0.000000 0.961685 0.717099 0.717099 0.717099
2919.970215 0.000000 1981.471924 0.000000 0.433906 0.000000 0.900958 0.703195 0.703195 0.703195
2896.089600 0.000000 1964.889282 0.000000 0.658670 0.000000 0.752432 0.761724 0.761724 0.761724
2913.437744 0.000000 1940.443237 0.000000 0.961265 0.000000 -0.275624 0.812548 0.812548 0.812548
2916.996582 0.000000 1952.661621 0.000000 0.377256 0.000000 0.926109 0.746795 0.746795 0.746795
2888.209717 0.000000 1969.399414 0.000000 0.501878 0.000000 -0.864939 0.816280 0.816280 0.816280
2879.879150 0.000000 1944.409790 0.000000 0.605999 0.000000 -0.795465 0.841333 0.841333 0.841333
2880.362549 0.000000 1953.696899 0.000000 0.470816 0.000000 -0.882232 0.847912 0.847912 0.847912
2904.663818 0.000000 1941.863403 0.000000 0.519264 0.000000 -0.854614 0.866930 0.866930 0.866930
2925.537842 0.000000 1962.831787 0.000000 0.175546 0.000000 -0.984471 0.855975 0.855975 0.855975
2899.287354 0.000000 1928.554810 0.000000 0.991222 0.000000 0.132211 0.794041 0.794041 0.794041
2910.582275 0.000000 1947.790649 0.000000 0.994511 0.000000 -0.104628 0.801633 0.801633 0.801633
2908.421143 0.000000 1934.842041 0.000000 0.707002 0.000000 -0.707211 0.812238 0.812238 0.812238
2919.495850 0.000000 1958.970337 0.000000 0.286235 0.000000 0.958160 0.750897 0.750897 0.750897
2902.376221 0.000000 1933.850952 0.000000 0.994798 0.000000 -0.101863 0.805258 0.805258 0.805258
2886.437012 0.000000 1924.218750 0.000000 0.926682 0.000000 0.375846 0.786379 0.786379 0.786379
2897.729980 0.000000 1971.975464 0.000000 0.336405 0.000000 -0.941717 0.855170 0.855170 0.855170
2924.595215 0.000000 1977.752930 0.000000 0.703430 0.000000 0.710764 0.770631 0.770631 0.770631
2913.899658 0.000000 1980.684326 0.000000 0.028516 0.000000 -0.999593 0.922904 0.922904 0.922904
2905.353027 0.000000 1975.323120 0.000000 0.831810 0.000000 0.555061 0.759807 0.759807 0.759807
2922.257324 0.000000 1967.366089 0.000000 0.597430 0.000000 -0.801921 0.831779 0.831779 0.831779
2894.388184 0.000000 1930.696289 0.000000 0.770318 0.000000 -0.637660 0.861317 0.861317 0.861317
2917.632568 0.000000 1976.956055 0.000000 0.810588 0.000000 -0.585617 0.823617 0.823617 0.823617
2893.632324 0.000000 1969.190796 0.000000 0.337918 0.000000 0.941175 0.744902 0.744902 0.744902
2927.891357 0.000000 1967.730225 0.000000 0.615477 0.000000 0.788155 0.759205 0.759205 0.759205
2891.751953 0.000000 1925.137573 0.000000 0.870329 0.000000 -0.492470 0.865717 0.865717 0.865717
2914.743408 0.000000 1945.140503 0.000000 0.317747 0.000000 -0.948176 0.840361 0.840361 0.840361
2881.993408 0.000000 1940.109619 0.000000 0.815432 0.000000 0.578853 0.768560 0.768560 0.768560
2895.017090 0.000000 1960.191162 0.000000 0.635917 0.000000 -0.771757 0.839617 0.839617 0.839617
2909.218506 0.000000 1943.164429 0.000000 0.932343 0.000000 0.361576 0.766750 0.766750 0.766750
2879.682617 0.000000 1958.332397 0.000000 0.694254 0.000000 0.719730 0.774968 0.774968 0.774968
2903.937988 0.000000 1929.454834 0.000000 0.101891 0.000000 0.994796 0.734878 0.734878 0.734878
2921.007568 0.000000 1963.054932 0.000000 0.670271 0.000000 -0.742116 0.837578 0.837578 0.837578
2899.422363 0.000000 1967.869141 0.000000 0.772692 0.000000 -0.634781 0.830905 0.830905 0.830905
2904.933838 0.000000 1937.483643 0.000000 0.992654 0.000000 0.120991 0.790843 0.790843 0.790843
2904.844727 0.000000 1979.615967 0.000000 0.962063 0.000000 -0.272827 0.809437 0.809437 0.809437
2912.734863 0.000000 1951.790649 0.000000 0.947441 0.000000 0.319930 0.785366 0.785366 0.785366
2898.023438 0.000000 1932.839355 0.000000 0.998329 0.000000 -0.057784 0.802598 0.802598 0.802598
2909.274414 0.000000 1938.945435 0.000000 0.991028 0.000000 -0.133655 0.803615 0.803615 0.803615
2883.817383 0.000000 1920.784912 0.000000 0.089798 0.000000 0.995960 0.739664 0.739664 0.739664
2901.419189 0.000000 1973.877319 0.000000 0.308756 0.000000 -0.951141 0.856483 0.856483 0.856483
2921.341797 0.000000 1975.091431 0.000000 0.685145 0.000000 -0.728406 0.836669 0.836669 0.836669
2924.189697 0.000000 1982.296631 0.000000 0.110074 0.000000 -0.993923 0.865632 0.865632 0.865632
2897.178467 0.000000 1919.536987 0.000000 0.479909 0.000000 -0.877318 0.867332 0.867332 0.867332
2908.358887 0.000000 1978.228149 0.000000 0.371751 0.000000 -0.928333 0.843490 0.843490 0.843490
2879.769531 0.000000 1932.018799 0.000000 0.755710 0.000000 -0.654906 0.828238 0.828238 0.828238
2887.732422 0.000000 1920.869141 0.000000 0.886918 0.000000 -0.461927 0.843155 0.843155 0.843155
2894.804443 0.000000 1934.160645 0.000000 0.935612 0.000000 0.353029 0.783786 0.783786 0.783786
2911.852051 0.000000 1983.280518 0.000000 0.188648 0.000000 0.982045 0.723873 0.723873 0.723873
2920.890625 0.000000 1978.463623 0.000000 0.003683 0.000000 -0.999993 0.909859 0.909859 0.909859
2913.656982 0.000000 1948.698364 0.000000 0.404498 0.000000 -0.914539 0.851875 0.851875 0.851875
2879.723389 0.000000 1950.606689 0.000000 0.773332 0.000000 0.634001 0.769140 0.769140 0.769140
2894.056152 0.000000 1921.099243 0.000000 0.002796 0.000000 0.999996 0.719203 0.719203 0.719203
2910.509033 0.000000 1980.501099 0.000000 0.999414 0.000000 0.034216 0.797867 0.797867 0.797867
2879.719971 0.000000 1938.108643 0.000000 0.235170 0.000000 -0.971954 0.919841 0.919841 0.919841
2905.452393 0.000000 1934.064819 0.000000 0.860042 0.000000 -0.510224 0.832403 0.832403 0.832403
2902.770508 0.000000 1976.606445 0.000000 0.759046 0.000000 -0.651037 0.853947 0.853947 0.853947
2908.356201 0.000000 1945.832153 0.000000 0.998333 0.000000 -0.057709 0.804117 0.804117 0.804117
2907.379150 0.000000 1940.950439 0.000000 0.789891 0.000000 -0.613247 0.855377 0.855377 0.855377
2906.599365 0.000000 1943.778076 0.000000 0.740621 0.000000 -0.671923 0.866221 0.866221 0.866221
2922.959717 0.000000 1980.018799 0.000000 0.951620 0.000000 -0.307277 0.827135 0.827135 0.827135
2915.626709 0.000000 1978.728271 0.000000 0.899529 0.000000 -0.436861 0.832507 0.832507 0.832507
2927.926758 0.000000 2005.458984 0.000000 0.012931 0.000000 -0.999916 0.870007 0.870007 0.870007
2908.015625 0.000000 1991.180298 0.000000 0.645132 0.000000 -0.764072 0.833347 0.833347 0.833347
2885.210205 0.000000 2042.071655 0.000000 0.983712 0.000000 -0.179753 0.804657 0.804657 0.804657
2896.089600 0.000000 2028.873657 0.000000 0.276720 0.000000 0.960951 0.764434 0.764434 0.764434
2916.996582 0.000000 2016.645996 0.000000 0.684775 0.000000 -0.728754 0.820547 0.820547 0.820547
2901.223145 0.000000 1983.869629 0.000000 0.221667 0.000000 0.975122 0.753987 0.753987 0.753987
2904.663818 0.000000 2005.847778 0.000000 0.340180 0.000000 -0.940360 0.909980 0.909980 0.909980
2899.287354 0.000000 1992.539185 0.000000 0.505896 0.000000 0.862594 0.708366 0.708366 0.708366
2929.407471 0.000000 1996.997314 0.000000 0.281250 0.000000 -0.959635 0.915553 0.915553 0.915553
2895.854492 0.000000 2010.103271 0.000000 0.888999 0.000000 0.457910 0.778626 0.778626 0.778626
2893.076172 0.000000 2039.963623 0.000000 0.489253 0.000000 0.872142 0.707945 0.707945 0.707945
2915.171387 0.000000 1994.660522 0.000000 0.970442 0.000000 -0.241334 0.812706 0.812706 0.812706
2908.421143 0.000000 1998.826416 0.000000 0.712063 0.000000 -0.702116 0.868557 0.868557 0.868557
2899.273926 0.000000 2021.734863 0.000000 0.053232 0.000000 -0.998582 0.937299 0.937299 0.937299
2927.198730 0.000000 1984.943726 0.000000 0.167651 0.000000 -0.985846 0.887386 0.887386 0.887386
2935.020264 0.000000 2004.041870 0.000000 0.699487 0.000000 -0.714646 0.820035 0.820035 0.820035
2902.376221 0.000000 1997.835327 0.000000 0.191249 0.000000 0.981541 0.712457 0.712457 0.712457
2924.864258 0.000000 2019.905151 0.000000 0.929791 0.000000 0.368088 0.783061 0.783061 0.783061
2941.078369 0.000000 2004.339233 0.000000 0.557697 0.000000 0.830045 0.756584 0.756584 0.756584
2896.241455 0.000000 1987.270386 0.000000 0.460210 0.000000 -0.887810 0.824221 0.824221 0.824221
2890.010498 0.000000 2045.213501 0.000000 0.690992 0.000000 0.722863 0.676556 0.676556 0.676556
2903.130127 0.000000 1988.818604 0.000000 0.445593 0.000000 0.895236 0.740199 0.740199 0.740199
2901.151123 0.000000 2009.779785 0.000000 0.694397 0.000000 0.719592 0.727811 0.727811 0.727811
2922.855957 0.000000 2005.295288 0.000000 0.799829 0.000000 -0.600228 0.828930 0.828930 0.828930
2927.501709 0.000000 1992.389893 0.000000 0.008411 0.000000 0.999965 0.691408 0.691408 0.691408
2915.937500 0.000000 2000.065674 0.000000 0.654808 0.000000 0.755795 0.770222 0.770222 0.770222
2926.221436 0.000000 2000.846436 0.000000 0.398400 0.000000 -0.917212 0.832000 0.832000 0.832000
2924.282227 0.000000 1996.174194 0.000000 0.742705 0.000000 0.669618 0.785053 0.785053 0.785053
2914.743408 0.000000 2009.124878 0.000000 0.333602 0.000000 0.942714 0.769030 0.769030 0.769030
2895.017090 0.000000 2024.175537 0.000000 0.993649 0.000000 0.112527 0.786149 0.786149 0.786149
2905.837891 0.000000 2011.354980 0.000000 0.986428 0.000000 0.164192 0.794268 0.794268 0.794268
2912.343750 0.000000 1989.560791 0.000000 0.762006 0.000000 -0.647570 0.863308 0.863308 0.863308
2918.135010 0.000000 2004.189209 0.000000 0.986076 0.000000 -0.166297 0.807508 0.807508 0.807508
2903.937988 0.000000 1993.439209 0.000000 0.043346 0.000000 -0.999060 0.933619 0.933619 0.933619
2888.909424 0.000000 2038.342163 0.000000 0.507297 0.000000 0.861771 0.732782 0.732782 0.732782
2892.254639 0.000000 2013.149414 0.000000 0.893470 0.000000 0.449122 0.779069 0.779069 0.779069
2929.549805 0.000000 2016.201538 0.000000 0.983329 0.000000 -0.181838 0.805807 0.805807 0.805807
2910.725830 0.000000 1994.927979 0.000000 0.829794 0.000000 -0.558070 0.839022 0.839022 0.839022
2904.933838 0.000000 2001.468018 0.000000 0.594655 0.000000 -0.803981 0.851483 0.851483 0.851483
2898.023438 0.000000 1996.823730 0.000000 0.560260 0.000000 -0.828317 0.843864 0.843864 0.843864
2930.702637 0.000000 2002.245239 0.000000 0.740369 0.000000 -0.672201 0.833127 0.833127 0.833127
2909.274414 0.000000 2002.929810 0.000000 0.783715 0.000000 0.621120 0.769884 0.769884 0.769884
2921.062500 0.000000 2017.948608 0.000000 0.560616 0.000000 -0.828076 0.843844 0.843844 0.843844
2916.935547 0.000000 2012.555542 0.000000 0.999858 0.000000 -0.016835 0.800726 0.800726 0.800726
2929.348145 0.000000 2011.899292 0.000000 0.285713 0.000000 0.958315 0.742433 0.742433 0.742433
2925.172363 0.000000 1988.441650 0.000000 0.985304 0.000000 -0.170809 0.809051 0.809051 0.809051
2897.025146 0.000000 2040.831787 0.000000 0.813201 0.000000 -0.581983 0.824192 0.824192 0.824192
2937.751465 0.000000 2001.307251 0.000000 0.399083 0.000000 0.916915 0.757592 0.757592 0.757592
2912.311035 0.000000 1998.919189 0.000000 0.988261 0.000000 0.152776 0.793843 0.793843 0.793843
2938.006348 0.000000 2006.456299 0.000000 0.839287 0.000000 0.543688 0.774169 0.774169 0.774169
2892.156982 0.000000 2036.405151 0.000000 0.287634 0.000000 0.957740 0.669718 0.669718 0.669718
2906.977295 0.000000 1995.408203 0.000000 0.953109 0.000000 0.302628 0.780473 0.780473 0.780473
2896.257080 0.000000 2006.535767 0.000000 0.081185 0.000000 -0.996699 0.883001 0.883001 0.883001
2893.269775 0.000000 2043.535645 0.000000 0.976403 0.000000 0.215959 0.776524 0.776524 0.776524
2923.964600 0.000000 1983.668579 0.000000 0.729969 0.000000 -0.683481 0.865379 0.865379 0.865379
2928.705322 0.000000 1989.267578 0.000000 0.977830 0.000000 -0.209399 0.809480 0.809480 0.809480
2914.629150 0.000000 1987.221313 0.000000 0.236198 0.000000 -0.971705 0.915754 0.915754 0.915754
2924.013184 0.000000 2016.588013 0.000000 0.631881 0.000000 0.775065 0.760148 0.760148 0.760148
2931.861816 0.000000 2005.244873 0.000000 0.978804 0.000000 -0.204800 0.809269 0.809269 0.809269
2928.188965 0.000000 2008.672119 0.000000 0.124149 0.000000 0.992264 0.735005 0.735005 0.735005
2914.846680 0.000000 1991.401978 0.000000 0.867546 0.000000 0.497357 0.774424 0.774424 0.774424
2912.224121 0.000000 1985.321167 0.000000 0.219193 0.000000 0.975681 0.663318 0.663318 0.663318
2904.167969 0.000000 2008.829712 0.000000 0.587776 0.000000 -0.809024 0.851389 0.851389 0.851389
2898.389160 0.000000 1989.558594 0.000000 0.929360 0.000000 -0.369175 0.833984 0.833984 0.833984
2898.485840 0.000000 2008.406494 0.000000 0.798627 0.000000 -0.601826 0.858040 0.858040 0.858040
2901.893799 0.000000 2006.717407 0.000000 0.542715 0.000000 -0.839917 0.889618 0.889618 0.889618
2905.452393 0.000000 1998.049194 0.000000 0.357382 0.000000 -0.933958 0.895331 0.895331 0.895331
2927.118652 0.000000 1995.290405 0.000000 0.508404 0.000000 -0.861119 0.869000 0.869000 0.869000
2911.150146 0.000000 1992.107788 0.000000 0.992042 0.000000 0.125910 0.789486 0.789486 0.789486
2905.244141 0.000000 1990.829712 0.000000 0.105206 0.000000 0.994450 0.668297 0.668297 0.668297
2901.976807 0.000000 1991.439331 0.000000 0.624300 0.000000 0.781185 0.719421 0.719421 0.719421
2907.379150 0.000000 2004.934814 0.000000 0.983417 0.000000 -0.181357 0.813112 0.813112 0.813112
2890.531982 0.000000 2040.587769 0.000000 0.991576 0.000000 0.129525 0.790272 0.790272 0.790272
3460.489746 0.000000 2036.936401 0.000000 0.736540 0.000000 -0.676394 0.824035 0.824035 0.824035
2902.622070 0.000000 2078.931885 0.000000 0.139480 0.000000 -0.990225 0.827435 0.827435 0.827435
2891.030273 0.000000 2048.286865 0.000000 0.858637 0.000000 -0.512585 0.823540 0.823540 0.823540
2919.970215 0.000000 2109.440674 0.000000 0.997014 0.000000 -0.077218 0.802177 0.802177 0.802177
2925.291992 0.000000 2099.955322 0.000000 0.996252 0.000000 0.086500 0.790244 0.790244 0.790244
2889.323975 0.000000 2057.745361 0.000000 0.533643 0.000000 0.845710 0.781883 0.781883 0.781883
2925.537842 0.000000 2090.800537 0.000000 0.923176 0.000000 0.384378 0.792672 0.792672 0.792672
2899.287354 0.000000 2056.523682 0.000000 0.305895 0.000000 0.952065 0.789431 0.789431 0.789431
2910.582275 0.000000 2075.759277 0.000000 0.988827 0.000000 -0.149071 0.819006 0.819006 0.819006
2910.364502 0.000000 2083.308838 0.000000 0.662405 0.000000 -0.749146 0.858347 0.858347 0.858347
2910.347412 0.000000 2096.167236 0.000000 0.602698 0.000000 -0.797969 0.918467 0.918467 0.918467
2919.495850 0.000000 2086.939209 0.000000 0.511796 0.000000 -0.859107 0.902177 0.902177 0.902177
2886.437012 0.000000 2052.187500 0.000000 0.929820 0.000000 -0.368014 0.808581 0.808581 0.808581
2913.316162 0.000000 2088.368652 0.000000 0.945497 0.000000 -0.325632 0.840939 0.840939 0.840939
2922.257324 0.000000 2095.334717 0.000000 0.753545 0.000000 0.657397 0.718334 0.718334 0.718334
2905.055664 0.000000 2084.230713 0.000000 0.480027 0.000000 -0.877254 0.954524 0.954524 0.954524
2894.388184 0.000000 2058.665039 0.000000 0.085537 0.000000 0.996335 0.611349 0.611349 0.611349
2917.632568 0.000000 2104.924805 0.000000 0.027362 0.000000 0.999626 0.671456 0.671456 0.671456
2891.751953 0.000000 2053.106201 0.000000 0.713950 0.000000 -0.700196 0.872503 0.872503 0.872503
2914.081787 0.000000 2099.494873 0.000000 0.870648 0.000000 -0.491907 0.819105 0.819105 0.819105
2910.375000 0.000000 2091.694092 0.000000 0.199313 0.000000 0.979936 0.694919 0.694919 0.694919
2912.734863 0.000000 2079.759277 0.000000 0.400523 0.000000 0.916287 0.642402 0.642402 0.642402
2915.662354 0.000000 2084.640625 0.000000 0.933728 0.000000 0.357983 0.783987 0.783987 0.783987
2899.197021 0.000000 2081.627197 0.000000 0.318770 0.000000 0.947832 0.699184 0.699184 0.699184
2898.597656 0.000000 2077.342773 0.000000 0.979931 0.000000 -0.199336 0.807696 0.807696 0.807696
2921.341797 0.000000 2103.060059 0.000000 0.893100 0.000000 0.449859 0.761139 0.761139 0.761139
2914.556152 0.000000 2103.196777 0.000000 0.934299 0.000000 -0.356490 0.840405 0.840405 0.840405
2887.732422 0.000000 2048.837891 0.000000 0.170531 0.000000 -0.985352 0.896427 0.896427 0.896427
2922.005859 0.000000 2099.024658 0.000000 0.552266 0.000000 -0.833668 0.878552 0.878552 0.878552
2901.866943 0.000000 2083.768066 0.000000 0.878107 0.000000 -0.478465 0.827800 0.827800 0.827800
2927.356934 0.000000 2109.701172 0.000000 0.999996 0.000000 -0.002684 0.800119 0.800119 0.800119
2920.890625 0.000000 2106.432373 0.000000 0.591594 0.000000 -0.806236 0.902262 0.902262 0.902262
2913.656982 0.000000 2076.666992 0.000000 0.163552 0.000000 0.986535 0.652521 0.652521 0.652521
2888.869385 0.000000 2054.399902 0.000000 0.489293 0.000000 -0.872119 0.857135 0.857135 0.857135
2925.035645 0.000000 2093.894043 0.000000 0.940299 0.000000 0.340350 0.779816 0.779816 0.779816
2924.943604 0.000000 2096.938477 0.000000 0.779451 0.000000 0.626464 0.733880 0.733880 0.733880
2927.528320 0.000000 2106.125244 0.000000 0.418178 0.000000 0.908365 0.741290 0.741290 0.741290
2919.079102 0.000000 2084.056885 0.000000 0.787643 0.000000 0.616132 0.736361 0.736361 0.736361
2907.942627 0.000000 2084.831299 0.000000 0.298286 0.000000 -0.954476 0.872930 0.872930 0.872930
2924.275635 0.000000 2102.768066 0.000000 0.786030 0.000000 0.618189 0.747690 0.747690 0.747690
2910.041260 0.000000 2078.820557 0.000000 0.785380 0.000000 -0.619013 0.839194 0.839194 0.839194
2905.174561 0.000000 2086.981201 0.000000 0.514286 0.000000 0.857619 0.705520 0.705520 0.705520
2922.959717 0.000000 2107.987549 0.000000 0.710751 0.000000 0.703443 0.734084 0.734084 0.734084
2922.633789 0.000000 2119.430908 0.000000 0.657337 0.000000 -0.753597 0.856254 0.856254 0.856254
2921.083496 0.000000 2113.555664 0.000000 0.998176 0.000000 0.060369 0.794426 0.794426 0.794426
2927.501709 0.000000 2120.358643 0.000000 0.434751 0.000000 0.900551 0.686484 0.686484 0.686484
2925.172363 0.000000 2116.410400 0.000000 0.925111 0.000000 0.379698 0.767096 0.767096 0.767096
2923.964600 0.000000 2111.637207 0.000000 0.980608 0.000000 -0.195979 0.816310 0.816310 0.816310
2928.705322 0.000000 2117.236328 0.000000 0.536880 0.000000 -0.843658 0.892046 0.892046 0.892046
3417.775391 0.000000 2075.339355 0.000000 0.968345 0.000000 0.249617 0.788209 0.788209 0.788209
3417.839355 0.000000 2093.885498 0.000000 0.035986 0.000000 -0.999352 0.887363 0.887363 0.887363
3336.395264 0.000000 2131.812500 0.000000 0.248100 0.000000 -0.968735 0.942372 0.942372 0.942372
3360.256348 0.000000 2126.887939 0.000000 0.955238 0.000000 -0.295837 0.817455 0.817455 0.817455
3361.477051 0.000000 2129.519043 0.000000 0.875388 0.000000 -0.483421 0.829929 0.829929 0.829929
"}
