object={
	name="tree_leaf_high_generator_2_0"
	render_pass=Map
	clamp_to_water_level=no
	generated_content=yes
	layer="tree_high_layer"
	pdxmesh="tree_leaf_01_b_mesh"
	count=97
	transform="2865.481445 0.000000 1912.486450 0.000000 0.728890 0.000000 0.684631 0.343521 0.343521 0.343521
2878.763428 0.000000 1909.377563 0.000000 0.971179 0.000000 0.238351 0.382696 0.382696 0.382696
2881.282959 0.000000 1909.266479 0.000000 0.657822 0.000000 0.753173 0.368061 0.368061 0.368061
2881.598633 0.000000 1914.707520 0.000000 0.031818 0.000000 -0.999494 0.457632 0.457632 0.457632
2895.864502 0.000000 1915.175537 0.000000 0.574202 0.000000 0.818714 0.360250 0.360250 0.360250
2873.759277 0.000000 1937.322876 0.000000 0.258493 0.000000 -0.966013 0.428112 0.428112 0.428112
2866.665283 0.000000 1929.703247 0.000000 0.109195 0.000000 0.994020 0.355489 0.355489 0.355489
2877.243652 0.000000 1952.613525 0.000000 0.999586 0.000000 -0.028778 0.400834 0.400834 0.400834
2878.513184 0.000000 1932.921997 0.000000 0.293342 0.000000 0.956008 0.358047 0.358047 0.358047
2874.636719 0.000000 1930.084351 0.000000 0.676685 0.000000 0.736273 0.372315 0.372315 0.372315
2869.378418 0.000000 1922.574219 0.000000 0.388393 0.000000 -0.921494 0.470217 0.470217 0.470217
2878.537598 0.000000 1938.123901 0.000000 0.550266 0.000000 -0.834989 0.474006 0.474006 0.474006
2876.183594 0.000000 1938.172974 0.000000 0.616930 0.000000 -0.787018 0.464234 0.464234 0.464234
2876.310547 0.000000 1942.750244 0.000000 0.821029 0.000000 0.570886 0.369359 0.369359 0.369359
2872.560303 0.000000 1931.171631 0.000000 0.200549 0.000000 -0.979684 0.473817 0.473817 0.473817
2869.989746 0.000000 1928.553345 0.000000 0.999694 0.000000 0.024723 0.398383 0.398383 0.398383
2869.475586 0.000000 1924.840088 0.000000 0.295596 0.000000 0.955313 0.308635 0.308635 0.308635
2923.450439 0.000000 1959.609863 0.000000 0.725267 0.000000 -0.688468 0.416683 0.416683 0.416683
2895.690674 0.000000 1927.087158 0.000000 0.892846 0.000000 0.450362 0.389970 0.389970 0.389970
2888.869385 0.000000 1926.431152 0.000000 0.711566 0.000000 -0.702619 0.419450 0.419450 0.419450
2925.035645 0.000000 1965.925171 0.000000 0.195968 0.000000 0.980610 0.348563 0.348563 0.348563
2896.659668 0.000000 1969.113892 0.000000 0.788377 0.000000 -0.615192 0.423822 0.423822 0.423822
2900.437256 0.000000 1970.699341 0.000000 0.997642 0.000000 0.068640 0.397702 0.397702 0.397702
2879.698486 0.000000 1947.515015 0.000000 0.891507 0.000000 -0.453007 0.417606 0.417606 0.417606
2912.240234 0.000000 1943.411743 0.000000 0.821389 0.000000 -0.570369 0.422729 0.422729 0.422729
2901.026123 0.000000 1931.156860 0.000000 0.759473 0.000000 0.650538 0.373476 0.373476 0.373476
2919.079102 0.000000 1956.088135 0.000000 0.179646 0.000000 0.983731 0.347941 0.347941 0.347941
2890.794434 0.000000 1968.031372 0.000000 0.861258 0.000000 0.508168 0.380038 0.380038 0.380038
2898.882568 0.000000 1965.095703 0.000000 0.232560 0.000000 -0.972582 0.446031 0.446031 0.446031
2896.980469 0.000000 1929.820679 0.000000 0.083352 0.000000 0.996520 0.344301 0.344301 0.344301
2904.099609 0.000000 1932.001221 0.000000 0.957027 0.000000 -0.289998 0.413810 0.413810 0.413810
2921.572998 0.000000 1983.462402 0.000000 0.969910 0.000000 -0.243464 0.413385 0.413385 0.413385
2907.824707 0.000000 1937.109985 0.000000 0.980397 0.000000 0.197030 0.388711 0.388711 0.388711
2918.611328 0.000000 1979.249756 0.000000 0.150683 0.000000 -0.988582 0.514115 0.514115 0.514115
2905.368408 0.000000 1939.770264 0.000000 0.667770 0.000000 0.744367 0.353886 0.353886 0.353886
2922.601807 0.000000 1976.900146 0.000000 0.446617 0.000000 0.894725 0.326985 0.326985 0.326985
2885.651855 0.000000 1921.764160 0.000000 0.995816 0.000000 -0.091376 0.405757 0.405757 0.405757
2915.144531 0.000000 1984.078125 0.000000 0.047770 0.000000 -0.998858 0.571102 0.571102 0.571102
2933.761230 0.000000 1999.296631 0.000000 0.965809 0.000000 0.259256 0.395810 0.395810 0.395810
2930.657471 0.000000 1993.687622 0.000000 0.761362 0.000000 0.648327 0.382742 0.382742 0.382742
2886.901611 0.000000 2044.812256 0.000000 0.971041 0.000000 0.238914 0.392170 0.392170 0.392170
2895.107422 0.000000 2037.634277 0.000000 0.347234 0.000000 0.937778 0.370245 0.370245 0.370245
2917.238037 0.000000 1997.247925 0.000000 0.126034 0.000000 0.992026 0.353842 0.353842 0.353842
2917.269043 0.000000 2007.113892 0.000000 0.987254 0.000000 -0.159152 0.405985 0.405985 0.405985
2901.026123 0.000000 1995.141235 0.000000 0.442260 0.000000 -0.896887 0.446112 0.446112 0.446112
2893.691406 0.000000 2008.078491 0.000000 0.701281 0.000000 0.712885 0.370677 0.370677 0.370677
2895.619873 0.000000 2013.645264 0.000000 0.987764 0.000000 0.155956 0.394605 0.394605 0.394605
2924.784180 0.000000 1993.377197 0.000000 0.650406 0.000000 0.759586 0.367694 0.367694 0.367694
2929.254883 0.000000 1999.813110 0.000000 0.923394 0.000000 0.383853 0.385247 0.385247 0.385247
2925.494873 0.000000 2004.074219 0.000000 0.655409 0.000000 -0.755274 0.432058 0.432058 0.432058
2893.348145 0.000000 2046.379761 0.000000 0.416645 0.000000 -0.909069 0.446149 0.446149 0.446149
2926.841797 0.000000 2016.632812 0.000000 0.754196 0.000000 -0.656649 0.426827 0.426827 0.426827
2919.078613 0.000000 1983.569458 0.000000 0.415627 0.000000 0.909535 0.357798 0.357798 0.357798
2892.827637 0.000000 2010.581543 0.000000 0.465593 0.000000 0.884999 0.359313 0.359313 0.359313
2906.599365 0.000000 2007.762451 0.000000 0.073228 0.000000 -0.997315 0.458322 0.458322 0.458322
2896.980469 0.000000 1993.805054 0.000000 0.634609 0.000000 0.772833 0.363394 0.363394 0.363394
2928.036377 0.000000 2002.833252 0.000000 0.604725 0.000000 -0.796435 0.434504 0.434504 0.434504
2914.466309 0.000000 1997.512939 0.000000 0.765293 0.000000 -0.643682 0.426188 0.426188 0.426188
2904.099609 0.000000 1995.985596 0.000000 0.884953 0.000000 -0.465681 0.436280 0.436280 0.436280
2910.360107 0.000000 1997.336792 0.000000 0.997063 0.000000 -0.076587 0.404861 0.404861 0.404861
2898.961182 0.000000 2010.959106 0.000000 0.932810 0.000000 -0.360369 0.422457 0.422457 0.422457
2913.206543 0.000000 1993.325928 0.000000 0.099493 0.000000 0.995038 0.286879 0.286879 0.286879
2907.824707 0.000000 2001.094360 0.000000 0.999991 0.000000 0.004149 0.399797 0.399797 0.399797
2900.854248 0.000000 1989.382935 0.000000 0.467879 0.000000 -0.883792 0.471439 0.471439 0.471439
2927.351074 0.000000 1987.420776 0.000000 0.998839 0.000000 0.048177 0.397040 0.397040 0.397040
2906.211670 0.000000 1993.126709 0.000000 0.029992 0.000000 -0.999550 0.484627 0.484627 0.484627
2912.953125 0.000000 1995.594727 0.000000 0.999483 0.000000 0.032156 0.397591 0.397591 0.397591
2905.368408 0.000000 2003.754639 0.000000 0.828123 0.000000 -0.560546 0.431197 0.431197 0.431197
2916.853516 0.000000 2093.417725 0.000000 0.487902 0.000000 0.872899 0.398940 0.398940 0.398940
2906.618164 0.000000 2089.305420 0.000000 0.578901 0.000000 -0.815398 0.513300 0.513300 0.513300
2902.376221 0.000000 2061.819824 0.000000 0.054231 0.000000 -0.998528 0.575676 0.575676 0.575676
2924.595215 0.000000 2105.721680 0.000000 0.003741 0.000000 -0.999993 0.585440 0.585440 0.585440
2927.891357 0.000000 2095.698975 0.000000 0.122778 0.000000 -0.992434 0.422408 0.422408 0.422408
2903.937988 0.000000 2057.423584 0.000000 0.736586 0.000000 -0.676344 0.411868 0.411868 0.411868
2923.450439 0.000000 2087.578613 0.000000 0.912155 0.000000 0.409846 0.389879 0.389879 0.389879
2895.690674 0.000000 2055.055908 0.000000 0.886463 0.000000 -0.462799 0.409610 0.409610 0.409610
2909.744141 0.000000 2087.072510 0.000000 0.947539 0.000000 0.319639 0.392040 0.392040 0.392040
2906.977295 0.000000 2059.392578 0.000000 0.064390 0.000000 0.997925 0.358632 0.358632 0.358632
2901.026123 0.000000 2059.125732 0.000000 0.579804 0.000000 -0.814756 0.440893 0.440893 0.440893
2905.452393 0.000000 2062.033691 0.000000 0.984114 0.000000 -0.177535 0.405882 0.405882 0.405882
2898.846924 0.000000 2063.253174 0.000000 0.286495 0.000000 0.958082 0.348862 0.348862 0.348862
2913.198975 0.000000 2097.080322 0.000000 0.882409 0.000000 -0.470483 0.424213 0.424213 0.424213
2907.825439 0.000000 2091.501221 0.000000 0.984531 0.000000 -0.175209 0.411784 0.411784 0.411784
2891.927979 0.000000 2050.541748 0.000000 0.594591 0.000000 0.804028 0.347300 0.347300 0.347300
2912.444580 0.000000 2074.174561 0.000000 0.980076 0.000000 -0.198620 0.413478 0.413478 0.413478
2900.146973 0.000000 2079.209961 0.000000 0.864085 0.000000 0.503346 0.369976 0.369976 0.369976
2909.164307 0.000000 2089.422607 0.000000 0.356668 0.000000 -0.934231 0.488526 0.488526 0.488526
2918.577148 0.000000 2091.683350 0.000000 0.972308 0.000000 -0.233704 0.411425 0.411425 0.411425
2923.295166 0.000000 2090.098145 0.000000 0.852199 0.000000 0.523217 0.366458 0.366458 0.366458
2903.036865 0.000000 2085.794434 0.000000 0.042223 0.000000 -0.999108 0.480902 0.480902 0.480902
2919.137695 0.000000 2089.284912 0.000000 0.972567 0.000000 0.232621 0.387574 0.387574 0.387574
2922.601807 0.000000 2104.868896 0.000000 0.721703 0.000000 -0.692202 0.456116 0.456116 0.456116
2919.190918 0.000000 2103.354980 0.000000 0.071703 0.000000 -0.997426 0.486824 0.486824 0.486824
2927.198730 0.000000 2112.912598 0.000000 0.311827 0.000000 -0.950139 0.540218 0.540218 0.540218
2920.317139 0.000000 2116.773682 0.000000 0.392300 0.000000 0.919837 0.370849 0.370849 0.370849
2927.118652 0.000000 2123.259277 0.000000 0.543035 0.000000 0.839710 0.358194 0.358194 0.358194
2924.784180 0.000000 2121.345947 0.000000 0.186436 0.000000 -0.982467 0.518796 0.518796 0.518796
"}
